          beta                    gamma                      r0  
   1.5245693169656300        16.434876256597601       0.89873641729354903                1           1
  0.70994058637539703        18.908087302662501       0.87642694365901697                1           2
  0.70994058637539703        18.908087302662501       0.87642694365901697                1           3
   8.9765457985324607E-002   2.0299197701162899        4.0000000000000000                1           4
   8.9765457985324607E-002   2.0299197701162899        4.0000000000000000                1           5
  0.18636302382543499        1.0992675179994900        3.6412526486718200                1           6
  0.18636302382543499        1.0992675179994900        3.6412526486718200                1           7
  0.18636302382543499        1.0992675179994900        3.6412526486718200                1           8
  0.18636302382543499        1.0992675179994900        3.6412526486718200                1           9
   7.0056584805151603E-002   2.0473965828765102        2.9849045381622599                1          10
   7.0056584805151603E-002   2.0473965828765102        2.9849045381622599                1          11
   7.0056584805151603E-002   2.0473965828765102        2.9849045381622599                1          12
   7.0056584805151603E-002   2.0473965828765102        2.9849045381622599                1          13
  0.44379100991342701        2.9907391179322600        3.6892691520867600                1          14
  0.44379100991342701        2.9907391179322600        3.6892691520867600                1          15
  0.44379100991342701        2.9907391179322600        3.6892691520867600                1          16
  0.44379100991342701        2.9907391179322600        3.6892691520867600                1          17
  0.70994058637539703        18.908087302662501       0.87642694365901697                2           1
   6.9742973438577896E-002   1.8689334166122600        1.0561073439470701                2           2
   6.9742973438577896E-002   1.8689334166122600        1.0561073439470701                2           3
  0.14587941104465299        1.0761316621104200        3.6382108770881398                2           4
  0.14587941104465299        1.0761316621104200        3.6382108770881398                2           5
   4.5262886703741900E-002   1.3796730287048300        3.4824311427970400                2           6
   4.5262886703741900E-002   1.3796730287048300        3.4824311427970400                2           7
   4.5262886703741900E-002   1.3796730287048300        3.4824311427970400                2           8
   4.5262886703741900E-002   1.3796730287048300        3.4824311427970400                2           9
  0.52061008505223805        15.088310545086401        2.6920236401530699                2          10
  0.52061008505223805        15.088310545086401        2.6920236401530699                2          11
  0.52061008505223805        15.088310545086401        2.6920236401530699                2          12
  0.52061008505223805        15.088310545086401        2.6920236401530699                2          13
  0.18041648376450301        15.786818104810100       0.31060320138931302                2          14
  0.18041648376450301        15.786818104810100       0.31060320138931302                2          15
  0.18041648376450301        15.786818104810100       0.31060320138931302                2          16
  0.18041648376450301        15.786818104810100       0.31060320138931302                2          17
  0.70994058637539703        18.908087302662501       0.87642694365901697                3           1
   6.9742973438577896E-002   1.8689334166122600        1.0561073439470701                3           2
   6.9742973438577896E-002   1.8689334166122600        1.0561073439470701                3           3
  0.14587941104465299        1.0761316621104200        3.6382108770881398                3           4
  0.14587941104465299        1.0761316621104200        3.6382108770881398                3           5
   4.5262886703741900E-002   1.3796730287048300        3.4824311427970400                3           6
   4.5262886703741900E-002   1.3796730287048300        3.4824311427970400                3           7
   4.5262886703741900E-002   1.3796730287048300        3.4824311427970400                3           8
   4.5262886703741900E-002   1.3796730287048300        3.4824311427970400                3           9
  0.52061008505223805        15.088310545086401        2.6920236401530699                3          10
  0.52061008505223805        15.088310545086401        2.6920236401530699                3          11
  0.52061008505223805        15.088310545086401        2.6920236401530699                3          12
  0.52061008505223805        15.088310545086401        2.6920236401530699                3          13
  0.18041648376450301        15.786818104810100       0.31060320138931302                3          14
  0.18041648376450301        15.786818104810100       0.31060320138931302                3          15
  0.18041648376450301        15.786818104810100       0.31060320138931302                3          16
  0.18041648376450301        15.786818104810100       0.31060320138931302                3          17
   8.9765457985324607E-002   2.0299197701162899        4.0000000000000000                4           1
  0.14587941104465299        1.0761316621104200        3.6382108770881398                4           2
  0.14587941104465299        1.0761316621104200        3.6382108770881398                4           3
  0.19329444304613100        11.132767861628500       0.98921839295830705                4           4
  0.19329444304613100        11.132767861628500       0.98921839295830705                4           5
  0.44322873557472697        12.655302336828900        0.0000000000000000                4           6
  0.44322873557472697        12.655302336828900        0.0000000000000000                4           7
  0.44322873557472697        12.655302336828900        0.0000000000000000                4           8
  0.44322873557472697        12.655302336828900        0.0000000000000000                4           9
  0.86464021891652898        2.5453561004970799        2.6850629966895698                4          10
  0.86464021891652898        2.5453561004970799        2.6850629966895698                4          11
  0.86464021891652898        2.5453561004970799        2.6850629966895698                4          12
  0.86464021891652898        2.5453561004970799        2.6850629966895698                4          13
  0.98050730704912104        3.7901632397183800        3.5492805811269101                4          14
  0.98050730704912104        3.7901632397183800        3.5492805811269101                4          15
  0.98050730704912104        3.7901632397183800        3.5492805811269101                4          16
  0.98050730704912104        3.7901632397183800        3.5492805811269101                4          17
   8.9765457985324607E-002   2.0299197701162899        4.0000000000000000                5           1
  0.14587941104465299        1.0761316621104200        3.6382108770881398                5           2
  0.14587941104465299        1.0761316621104200        3.6382108770881398                5           3
  0.19329444304613100        11.132767861628500       0.98921839295830705                5           4
  0.19329444304613100        11.132767861628500       0.98921839295830705                5           5
  0.44322873557472697        12.655302336828900        0.0000000000000000                5           6
  0.44322873557472697        12.655302336828900        0.0000000000000000                5           7
  0.44322873557472697        12.655302336828900        0.0000000000000000                5           8
  0.44322873557472697        12.655302336828900        0.0000000000000000                5           9
  0.86464021891652898        2.5453561004970799        2.6850629966895698                5          10
  0.86464021891652898        2.5453561004970799        2.6850629966895698                5          11
  0.86464021891652898        2.5453561004970799        2.6850629966895698                5          12
  0.86464021891652898        2.5453561004970799        2.6850629966895698                5          13
  0.98050730704912104        3.7901632397183800        3.5492805811269101                5          14
  0.98050730704912104        3.7901632397183800        3.5492805811269101                5          15
  0.98050730704912104        3.7901632397183800        3.5492805811269101                5          16
  0.98050730704912104        3.7901632397183800        3.5492805811269101                5          17
  0.18636302382543499        1.0992675179994900        3.6412526486718200                6           1
   4.5262886703741900E-002   1.3796730287048300        3.4824311427970400                6           2
   4.5262886703741900E-002   1.3796730287048300        3.4824311427970400                6           3
  0.44322873557472697        12.655302336828900        0.0000000000000000                6           4
  0.44322873557472697        12.655302336828900        0.0000000000000000                6           5
  0.11113368265603800        1.0000000000000000        2.1347051244149000                6           6
  0.11113368265603800        1.0000000000000000        2.1347051244149000                6           7
  0.11113368265603800        1.0000000000000000        2.1347051244149000                6           8
  0.11113368265603800        1.0000000000000000        2.1347051244149000                6           9
   4.8348597140950897E-002   1.0000000000000000       0.60137170930859896                6          10
   4.8348597140950897E-002   1.0000000000000000       0.60137170930859896                6          11
   4.8348597140950897E-002   1.0000000000000000       0.60137170930859896                6          12
   4.8348597140950897E-002   1.0000000000000000       0.60137170930859896                6          13
   5.8606089055460803E-002   18.962416416926899        0.0000000000000000                6          14
   5.8606089055460803E-002   18.962416416926899        0.0000000000000000                6          15
   5.8606089055460803E-002   18.962416416926899        0.0000000000000000                6          16
   5.8606089055460803E-002   18.962416416926899        0.0000000000000000                6          17
  0.18636302382543499        1.0992675179994900        3.6412526486718200                7           1
   4.5262886703741900E-002   1.3796730287048300        3.4824311427970400                7           2
   4.5262886703741900E-002   1.3796730287048300        3.4824311427970400                7           3
  0.44322873557472697        12.655302336828900        0.0000000000000000                7           4
  0.44322873557472697        12.655302336828900        0.0000000000000000                7           5
  0.11113368265603800        1.0000000000000000        2.1347051244149000                7           6
  0.11113368265603800        1.0000000000000000        2.1347051244149000                7           7
  0.11113368265603800        1.0000000000000000        2.1347051244149000                7           8
  0.11113368265603800        1.0000000000000000        2.1347051244149000                7           9
   4.8348597140950897E-002   1.0000000000000000       0.60137170930859896                7          10
   4.8348597140950897E-002   1.0000000000000000       0.60137170930859896                7          11
   4.8348597140950897E-002   1.0000000000000000       0.60137170930859896                7          12
   4.8348597140950897E-002   1.0000000000000000       0.60137170930859896                7          13
   5.8606089055460803E-002   18.962416416926899        0.0000000000000000                7          14
   5.8606089055460803E-002   18.962416416926899        0.0000000000000000                7          15
   5.8606089055460803E-002   18.962416416926899        0.0000000000000000                7          16
   5.8606089055460803E-002   18.962416416926899        0.0000000000000000                7          17
  0.18636302382543499        1.0992675179994900        3.6412526486718200                8           1
   4.5262886703741900E-002   1.3796730287048300        3.4824311427970400                8           2
   4.5262886703741900E-002   1.3796730287048300        3.4824311427970400                8           3
  0.44322873557472697        12.655302336828900        0.0000000000000000                8           4
  0.44322873557472697        12.655302336828900        0.0000000000000000                8           5
  0.11113368265603800        1.0000000000000000        2.1347051244149000                8           6
  0.11113368265603800        1.0000000000000000        2.1347051244149000                8           7
  0.11113368265603800        1.0000000000000000        2.1347051244149000                8           8
  0.11113368265603800        1.0000000000000000        2.1347051244149000                8           9
   4.8348597140950897E-002   1.0000000000000000       0.60137170930859896                8          10
   4.8348597140950897E-002   1.0000000000000000       0.60137170930859896                8          11
   4.8348597140950897E-002   1.0000000000000000       0.60137170930859896                8          12
   4.8348597140950897E-002   1.0000000000000000       0.60137170930859896                8          13
   5.8606089055460803E-002   18.962416416926899        0.0000000000000000                8          14
   5.8606089055460803E-002   18.962416416926899        0.0000000000000000                8          15
   5.8606089055460803E-002   18.962416416926899        0.0000000000000000                8          16
   5.8606089055460803E-002   18.962416416926899        0.0000000000000000                8          17
  0.18636302382543499        1.0992675179994900        3.6412526486718200                9           1
   4.5262886703741900E-002   1.3796730287048300        3.4824311427970400                9           2
   4.5262886703741900E-002   1.3796730287048300        3.4824311427970400                9           3
  0.44322873557472697        12.655302336828900        0.0000000000000000                9           4
  0.44322873557472697        12.655302336828900        0.0000000000000000                9           5
  0.11113368265603800        1.0000000000000000        2.1347051244149000                9           6
  0.11113368265603800        1.0000000000000000        2.1347051244149000                9           7
  0.11113368265603800        1.0000000000000000        2.1347051244149000                9           8
  0.11113368265603800        1.0000000000000000        2.1347051244149000                9           9
   4.8348597140950897E-002   1.0000000000000000       0.60137170930859896                9          10
   4.8348597140950897E-002   1.0000000000000000       0.60137170930859896                9          11
   4.8348597140950897E-002   1.0000000000000000       0.60137170930859896                9          12
   4.8348597140950897E-002   1.0000000000000000       0.60137170930859896                9          13
   5.8606089055460803E-002   18.962416416926899        0.0000000000000000                9          14
   5.8606089055460803E-002   18.962416416926899        0.0000000000000000                9          15
   5.8606089055460803E-002   18.962416416926899        0.0000000000000000                9          16
   5.8606089055460803E-002   18.962416416926899        0.0000000000000000                9          17
   7.0056584805151603E-002   2.0473965828765102        2.9849045381622599               10           1
  0.52061008505223805        15.088310545086401        2.6920236401530699               10           2
  0.52061008505223805        15.088310545086401        2.6920236401530699               10           3
  0.86464021891652898        2.5453561004970799        2.6850629966895698               10           4
  0.86464021891652898        2.5453561004970799        2.6850629966895698               10           5
   4.8348597140950897E-002   1.0000000000000000       0.60137170930859896               10           6
   4.8348597140950897E-002   1.0000000000000000       0.60137170930859896               10           7
   4.8348597140950897E-002   1.0000000000000000       0.60137170930859896               10           8
   4.8348597140950897E-002   1.0000000000000000       0.60137170930859896               10           9
   7.7850700833337000E-003   1.9096935400507600        3.2970378544079302               10          10
   7.7850700833337000E-003   1.9096935400507600        3.2970378544079302               10          11
   7.7850700833337000E-003   1.9096935400507600        3.2970378544079302               10          12
   7.7850700833337000E-003   1.9096935400507600        3.2970378544079302               10          13
  0.82228993392892202        2.2858001183754300        2.6649815087423199               10          14
  0.82228993392892202        2.2858001183754300        2.6649815087423199               10          15
  0.82228993392892202        2.2858001183754300        2.6649815087423199               10          16
  0.82228993392892202        2.2858001183754300        2.6649815087423199               10          17
   7.0056584805151603E-002   2.0473965828765102        2.9849045381622599               11           1
  0.52061008505223805        15.088310545086401        2.6920236401530699               11           2
  0.52061008505223805        15.088310545086401        2.6920236401530699               11           3
  0.86464021891652898        2.5453561004970799        2.6850629966895698               11           4
  0.86464021891652898        2.5453561004970799        2.6850629966895698               11           5
   4.8348597140950897E-002   1.0000000000000000       0.60137170930859896               11           6
   4.8348597140950897E-002   1.0000000000000000       0.60137170930859896               11           7
   4.8348597140950897E-002   1.0000000000000000       0.60137170930859896               11           8
   4.8348597140950897E-002   1.0000000000000000       0.60137170930859896               11           9
   7.7850700833337000E-003   1.9096935400507600        3.2970378544079302               11          10
   7.7850700833337000E-003   1.9096935400507600        3.2970378544079302               11          11
   7.7850700833337000E-003   1.9096935400507600        3.2970378544079302               11          12
   7.7850700833337000E-003   1.9096935400507600        3.2970378544079302               11          13
  0.82228993392892202        2.2858001183754300        2.6649815087423199               11          14
  0.82228993392892202        2.2858001183754300        2.6649815087423199               11          15
  0.82228993392892202        2.2858001183754300        2.6649815087423199               11          16
  0.82228993392892202        2.2858001183754300        2.6649815087423199               11          17
   7.0056584805151603E-002   2.0473965828765102        2.9849045381622599               12           1
  0.52061008505223805        15.088310545086401        2.6920236401530699               12           2
  0.52061008505223805        15.088310545086401        2.6920236401530699               12           3
  0.86464021891652898        2.5453561004970799        2.6850629966895698               12           4
  0.86464021891652898        2.5453561004970799        2.6850629966895698               12           5
   4.8348597140950897E-002   1.0000000000000000       0.60137170930859896               12           6
   4.8348597140950897E-002   1.0000000000000000       0.60137170930859896               12           7
   4.8348597140950897E-002   1.0000000000000000       0.60137170930859896               12           8
   4.8348597140950897E-002   1.0000000000000000       0.60137170930859896               12           9
   7.7850700833337000E-003   1.9096935400507600        3.2970378544079302               12          10
   7.7850700833337000E-003   1.9096935400507600        3.2970378544079302               12          11
   7.7850700833337000E-003   1.9096935400507600        3.2970378544079302               12          12
   7.7850700833337000E-003   1.9096935400507600        3.2970378544079302               12          13
  0.82228993392892202        2.2858001183754300        2.6649815087423199               12          14
  0.82228993392892202        2.2858001183754300        2.6649815087423199               12          15
  0.82228993392892202        2.2858001183754300        2.6649815087423199               12          16
  0.82228993392892202        2.2858001183754300        2.6649815087423199               12          17
   7.0056584805151603E-002   2.0473965828765102        2.9849045381622599               13           1
  0.52061008505223805        15.088310545086401        2.6920236401530699               13           2
  0.52061008505223805        15.088310545086401        2.6920236401530699               13           3
  0.86464021891652898        2.5453561004970799        2.6850629966895698               13           4
  0.86464021891652898        2.5453561004970799        2.6850629966895698               13           5
   4.8348597140950897E-002   1.0000000000000000       0.60137170930859896               13           6
   4.8348597140950897E-002   1.0000000000000000       0.60137170930859896               13           7
   4.8348597140950897E-002   1.0000000000000000       0.60137170930859896               13           8
   4.8348597140950897E-002   1.0000000000000000       0.60137170930859896               13           9
   7.7850700833337000E-003   1.9096935400507600        3.2970378544079302               13          10
   7.7850700833337000E-003   1.9096935400507600        3.2970378544079302               13          11
   7.7850700833337000E-003   1.9096935400507600        3.2970378544079302               13          12
   7.7850700833337000E-003   1.9096935400507600        3.2970378544079302               13          13
  0.82228993392892202        2.2858001183754300        2.6649815087423199               13          14
  0.82228993392892202        2.2858001183754300        2.6649815087423199               13          15
  0.82228993392892202        2.2858001183754300        2.6649815087423199               13          16
  0.82228993392892202        2.2858001183754300        2.6649815087423199               13          17
  0.44379100991342701        2.9907391179322600        3.6892691520867600               14           1
  0.18041648376450301        15.786818104810100       0.31060320138931302               14           2
  0.18041648376450301        15.786818104810100       0.31060320138931302               14           3
  0.98050730704912104        3.7901632397183800        3.5492805811269101               14           4
  0.98050730704912104        3.7901632397183800        3.5492805811269101               14           5
   5.8606089055460803E-002   18.962416416926899        0.0000000000000000               14           6
   5.8606089055460803E-002   18.962416416926899        0.0000000000000000               14           7
   5.8606089055460803E-002   18.962416416926899        0.0000000000000000               14           8
   5.8606089055460803E-002   18.962416416926899        0.0000000000000000               14           9
  0.82228993392892202        2.2858001183754300        2.6649815087423199               14          10
  0.82228993392892202        2.2858001183754300        2.6649815087423199               14          11
  0.82228993392892202        2.2858001183754300        2.6649815087423199               14          12
  0.82228993392892202        2.2858001183754300        2.6649815087423199               14          13
   3.7595161354762797E-002   17.364489433453500       0.88092488862857599               14          14
   3.7595161354762797E-002   17.364489433453500       0.88092488862857599               14          15
   3.7595161354762797E-002   17.364489433453500       0.88092488862857599               14          16
   3.7595161354762797E-002   17.364489433453500       0.88092488862857599               14          17
  0.44379100991342701        2.9907391179322600        3.6892691520867600               15           1
  0.18041648376450301        15.786818104810100       0.31060320138931302               15           2
  0.18041648376450301        15.786818104810100       0.31060320138931302               15           3
  0.98050730704912104        3.7901632397183800        3.5492805811269101               15           4
  0.98050730704912104        3.7901632397183800        3.5492805811269101               15           5
   5.8606089055460803E-002   18.962416416926899        0.0000000000000000               15           6
   5.8606089055460803E-002   18.962416416926899        0.0000000000000000               15           7
   5.8606089055460803E-002   18.962416416926899        0.0000000000000000               15           8
   5.8606089055460803E-002   18.962416416926899        0.0000000000000000               15           9
  0.82228993392892202        2.2858001183754300        2.6649815087423199               15          10
  0.82228993392892202        2.2858001183754300        2.6649815087423199               15          11
  0.82228993392892202        2.2858001183754300        2.6649815087423199               15          12
  0.82228993392892202        2.2858001183754300        2.6649815087423199               15          13
   3.7595161354762797E-002   17.364489433453500       0.88092488862857599               15          14
   3.7595161354762797E-002   17.364489433453500       0.88092488862857599               15          15
   3.7595161354762797E-002   17.364489433453500       0.88092488862857599               15          16
   3.7595161354762797E-002   17.364489433453500       0.88092488862857599               15          17
  0.44379100991342701        2.9907391179322600        3.6892691520867600               16           1
  0.18041648376450301        15.786818104810100       0.31060320138931302               16           2
  0.18041648376450301        15.786818104810100       0.31060320138931302               16           3
  0.98050730704912104        3.7901632397183800        3.5492805811269101               16           4
  0.98050730704912104        3.7901632397183800        3.5492805811269101               16           5
   5.8606089055460803E-002   18.962416416926899        0.0000000000000000               16           6
   5.8606089055460803E-002   18.962416416926899        0.0000000000000000               16           7
   5.8606089055460803E-002   18.962416416926899        0.0000000000000000               16           8
   5.8606089055460803E-002   18.962416416926899        0.0000000000000000               16           9
  0.82228993392892202        2.2858001183754300        2.6649815087423199               16          10
  0.82228993392892202        2.2858001183754300        2.6649815087423199               16          11
  0.82228993392892202        2.2858001183754300        2.6649815087423199               16          12
  0.82228993392892202        2.2858001183754300        2.6649815087423199               16          13
   3.7595161354762797E-002   17.364489433453500       0.88092488862857599               16          14
   3.7595161354762797E-002   17.364489433453500       0.88092488862857599               16          15
   3.7595161354762797E-002   17.364489433453500       0.88092488862857599               16          16
   3.7595161354762797E-002   17.364489433453500       0.88092488862857599               16          17
  0.44379100991342701        2.9907391179322600        3.6892691520867600               17           1
  0.18041648376450301        15.786818104810100       0.31060320138931302               17           2
  0.18041648376450301        15.786818104810100       0.31060320138931302               17           3
  0.98050730704912104        3.7901632397183800        3.5492805811269101               17           4
  0.98050730704912104        3.7901632397183800        3.5492805811269101               17           5
   5.8606089055460803E-002   18.962416416926899        0.0000000000000000               17           6
   5.8606089055460803E-002   18.962416416926899        0.0000000000000000               17           7
   5.8606089055460803E-002   18.962416416926899        0.0000000000000000               17           8
   5.8606089055460803E-002   18.962416416926899        0.0000000000000000               17           9
  0.82228993392892202        2.2858001183754300        2.6649815087423199               17          10
  0.82228993392892202        2.2858001183754300        2.6649815087423199               17          11
  0.82228993392892202        2.2858001183754300        2.6649815087423199               17          12
  0.82228993392892202        2.2858001183754300        2.6649815087423199               17          13
   3.7595161354762797E-002   17.364489433453500       0.88092488862857599               17          14
   3.7595161354762797E-002   17.364489433453500       0.88092488862857599               17          15
   3.7595161354762797E-002   17.364489433453500       0.88092488862857599               17          16
   3.7595161354762797E-002   17.364489433453500       0.88092488862857599               17          17
linear parameters
         364
           1   16501749724525.600     
           2  -2307975299627.2100     
           3   255027352362.74399     
           4  -19597500510.902699     
           5  -389716.82548613002     
           6   176055.97629553301     
           7   46890.576447547399     
           8  -16526.410487909499     
           9  -3573.8853852850698     
          10   706.80396277386501     
          11   138.95213221996201     
          12  -43.159615645472897     
          13  -5.3023775533326001     
          14   1.8727894460701000     
          15  0.73914453408903003     
          16 -0.20374683472653099     
          17  -46.554361037679001     
          18   11.123013819178199     
          19   9.5561183169175408     
          20  -1.9647583045977499     
          21  -1.9139248321942399     
          22  0.38734153466664201     
          23  -28.658399688377099     
          24   9.8209546055448307     
          25  0.53676532303761504     
          26 -0.31686428296644897     
          27 -0.10116327512560300     
          28   3.4487586172334300E-002
          29   5378.7626363495801     
          30  -844.06831235802099     
          31  -659.17268719604795     
          32   127.15326124337000     
          33   19.062187080460500     
          34  -1.4166265555659801     
          35  -33.568227847836297     
          36   6.7545393224985597     
          37 -0.78927827449990295     
          38   2.8346819211363199     
          39 -0.70017810846467399     
          40  0.10483197888447000     
          41  0.69379602289271602     
          42  -2.1641338520865500E-002
          43  -5.6692281868416898E-002
          44   5.1479668553787101E-003
          45  -1.9226247508793901E-002
          46  -4.8981099488298700E-003
          47   2.0755872716330700E-003
          48   2.3595043890512900E-004
          49 -0.12901716579205999     
          50   2.7212024459700298E-003
          51   1.1355326089132801E-002
          52  -2.5200110798213999E-003
          53   9.2254546467219201E-003
          54   1.6868382671356701E-003
          55  -9.6306897482245505E-004
          56   4.2547793537560299E-005
          57   1.3479259479165000     
          58 -0.37491125845214102     
          59 -0.20838085018056099     
          60   5.6385485359222602E-002
          61 -0.19928215244810199     
          62   4.5200027971761703E-002
          63   3.1133541293362200E-002
          64  -8.4655962171607899E-003
          65  -11.223443098252901     
          66   1.3191991877900899     
          67  0.63563126475507603     
          68  -7.8858931646891298E-002
          69   1.6200411471969900     
          70 -0.19913800850951099     
          71 -0.13800518645311999     
          72   1.4806367125840800E-002
          73  -9.2464207279341196E-002
          74   5.4970301055371103E-003
          75  -4.0171028572703801E-004
          76   9.2836509336514505E-003
          77  -5.8857944641556401E-004
          78   4.3328162197611098E-005
          79  -3.4213461166071601E-003
          80  -1.9030002163475299E-003
          81   3.8598007790599498E-003
          82  -1.7574769494463300E-004
          83   2.1347320072426499E-003
          84   2.1669873661955201E-004
          85  -8.2851657297779895E-004
          86   5.2087050124481400E-005
          87 -0.46884254462357500     
          88   5.7847181962213300E-002
          89   9.7239696079266594E-003
          90  -2.4933579623782299E-003
          91  0.13597216744984900     
          92  -1.4528340072112900E-002
          93  -3.8338423074873399E-003
          94   6.1271261087048902E-004
          95   27.230551238426500     
          96  -3.5166695781852502     
          97  -3.1802007591776000     
          98  0.50100420389139699     
          99  -2.7123585747205299     
         100  0.59778121390928196     
         101  0.34936365357464100     
         102  -8.2805455791085197E-002
         103  -1.1924727196842301E-002
         104   7.5921775370255996E-004
         105  -1.7304684226217599E-004
         106   1.7116666318207200E-003
         107  -1.6524271224709601E-004
         108   1.8044551647943199E-005
         109   1.6784655719888899E-003
         110   2.5470428550529000E-004
         111  -1.4718786510868500E-004
         112  -4.8382478365904802E-006
         113  -3.5060086766079998E-005
         114  -6.9965732674375897E-006
         115   9.7987754511262800E-006
         116  -3.3133400383989802E-007
         117   5.9408171035911896E-003
         118   1.3069241717741499E-003
         119   1.3705840464875000E-003
         120  -1.8217848081166499E-004
         121  -2.4031962551745701E-003
         122   4.5823896697677399E-005
         123  -1.5176736581963199E-004
         124   1.5537684166249899E-005
         125  -1.3917673855951900E-003
         126   4.1826847134850897E-005
         127   1.1736732763503000E-005
         128   1.5909277174010201E-005
         129  -5.3864865426029600E-008
         130  -7.5919773326253998E-007
         131  -2.1640244960835400     
         132  0.16731352721124801     
         133  0.11446335375889601     
         134  -1.4059686058296000E-002
         135  0.17667897464904800     
         136  -3.5298503363890898E-002
         137  -2.4600855458676899E-003
         138   2.7257204595086699E-003
         139   2.8781633958713800E-002
         140  -8.0147786954003902E-003
         141   3.3492630871761000E-003
         142  -5.1354363938131298E-003
         143   1.4950606524630301E-003
         144  -3.2959786034624802E-004
         145  -7.5874370121897300E-003
         146   5.6775624317091601E-004
         147  -2.6854400403595998E-005
         148  -2.7920867276544699E-006
         149  -2.2241956124256501E-002
         150   1.7457338115246400E-003
         151   2.2497979342902298E-003
         152  -2.4771089490303400E-004
         153  -2.9333689612410499E-004
         154   3.4829335285771499E-005
         155   5.7604378580273596E-004
         156   7.5519531265852904E-005
         157  -7.3127228606776799E-005
         158  -3.3557243598800202E-007
         159   9.4481982994379002E-007
         160   6.4397593130405596E-007
         161 -0.14595638521582099     
         162  -2.3047759368695301E-002
         163   7.7565114417499095E-002
         164  -1.2424252006697499E-004
         165  -2.4841438634459000E-002
         166   6.4006981793518004E-004
         167   2.3225627836577299E-002
         168  -1.0155708866290501E-003
         169  -1.9454336505783599E-003
         170   1.0931143642572900E-004
         171   2.4861025952646902E-004
         172  -2.1190680763575200E-005
         173   7.6087361069161003E-002
         174  -1.0474844473475201E-002
         175   1.5297007434848799E-003
         176  -6.9791750237155302E-003
         177   1.1818076457983200E-003
         178  -1.8011117716488701E-004
         179  -1.0911681481328700E-002
         180   9.9641233546521693E-004
         181   6.1102931240393195E-004
         182  -5.2277464148582403E-005
         183   1.8076627547314601E-003
         184  -1.0095045283219500E-004
         185   1.3953872796573801E-005
         186  -7.3373632732808798E-006
         187  -9.8166313773055105     
         188   1.0047270728951501     
         189   1.4844073881576501     
         190 -0.16825195786761499     
         191   3.1054635265919801     
         192 -0.15031051008239499     
         193 -0.59006881858922799     
         194   5.0251286895093603E-002
         195 -0.54342270634408296     
         196 -0.24545869344752400     
         197  0.29135881708208200     
         198  -8.4266539110598303E-004
         199  0.20926895330799999     
         200   1.8070879531333298E-002
         201  -4.1847148433821202E-002
         202   3.9948449295388802E-004
         203   2.4173347675235501E-004
         204  -9.0348510788940004E-005
         205   1.6905379206794100E-005
         206   4.9322066981429998E-005
         207   1.2288320918173900E-006
         208  -1.4207383677524900E-006
         209  -4.9144845553734798E-004
         210  -8.0611151422992802E-005
         211   3.8687713153550202E-005
         212   3.8578454464306901E-005
         213   1.5112627389689200E-004
         214  -3.2557449824004000E-006
         215  -5.7463914660455200E-005
         216   1.3031024958541200E-006
         217  -6.4754315365133907E-005
         218  -3.2459172903959801E-005
         219  -9.6660725184392597E-005
         220   6.0685711673647899E-006
         221   7.6845353879455796E-005
         222   1.0915786748175001E-006
         223  -4.3031782195133304E-006
         224   5.9837093409672902E-007
         225  0.14108279149843300     
         226  -3.5388275091716999E-002
         227   1.1958533208385099E-002
         228  -8.6280620038870492E-003
         229   1.8524384864229200E-003
         230  -6.1016685122150603E-004
         231   2.4419365629101399     
         232 -0.50041512578281000     
         233 -0.21511671854909900     
         234   6.1204097444412103E-002
         235 -0.75412067310419695     
         236  0.13551843520594700     
         237  -9.4205978045836594E-003
         238  -1.1755942774385899E-002
         239  -5.9192644271154901E-003
         240   2.1244401580900799E-004
         241   4.6634328621977003E-005
         242   3.6782841038884400E-004
         243  -2.8222984685373501E-005
         244   8.9296535804228696E-008
         245 -0.15357152409687100     
         246   2.8914632161321702E-002
         247  -3.7552737003884698E-003
         248   4.5883832217502802E-004
         249 -0.11729175167582100     
         250   5.3882808263093704E-003
         251   1.7817938347352801E-002
         252   6.2049873792684998E-004
         253  -7.5225682072090697E-003
         254  -2.0037109704182699E-004
         255  -93.382602305974700     
         256   20.907443466386798     
         257   23.588379103899399     
         258  -3.9475580410481901     
         259  -2.2579173142208600     
         260  0.24668032834971099     
         261   1128.4401242314400     
         262  -141.04218899131499     
         263  -193.02806645470000     
         264   27.298848944901700     
         265   22.655605720191900     
         266  -4.5537693098207797     
         267  -4.8547677368466602E-002
         268   1.6832003462677900E-003
         269   1.5588219739632199E-003
         270   6.4530120044860801E-003
         271  -9.3205211556139699E-004
         272   7.1335215062888402E-006
         273  0.68436081818358896     
         274  -2.5086524668219701E-002
         275 -0.15439456019442799     
         276   1.4812604311337799E-002
         277  -8.6372088588852799E-002
         278   1.1261394970644500E-002
         279   2.5406494168051300E-002
         280  -4.0392106256997400E-003
         281  -2.8743630119795500     
         282  0.40131277187865499     
         283  0.65055028308280605     
         284  -9.6828003297418405E-002
         285  0.37840254159896702     
         286  -6.5718435685141893E-002
         287  -9.2977355481589793E-002
         288   1.5911341635879199E-002
         289   41.370451827593499     
         290  -5.8464561904104899     
         291  0.40556803513273898     
         292  -3.5561072502496698     
         293  0.47944076779035399     
         294  -2.6656671602746700E-002
         295   21240.019302609100     
         296  -1657.4329304026301     
         297  -3901.5639005037601     
         298   230.74303469874101     
         299  -3257.3048002155301     
         300   311.37486937490303     
         301   696.73381937839804     
         302  -59.564301013344803     
         303   162.88339451794201     
         304  -32.890682355924604     
         305   6.6794493766594396     
         306  -9.6167605025027694     
         307   2.1675115684353798     
         308 -0.50153909939411001     
         309   1.4637719122535600E-003
         310  -9.2307542804547399E-005
         311   1.6609612914081399E-005
         312  -1.8575952232547999E-006
         313  -1.0696586419848900E-003
         314   1.8415262052143300E-005
         315   1.0558256209534200E-004
         316  -2.0976396447843702E-006
         317  -1.3393867088852799E-005
         318   1.0357238502949100E-006
         319   7.7388257858743397E-004
         320  -2.7781981782804500E-005
         321  -4.3245211459606000E-005
         322  -2.7046237835405098E-006
         323   1.6386751853297800E-006
         324   9.0606902562514303E-008
         325  -1.5276328404828699E-004
         326  -4.0541328231897701E-007
         327  -3.1596890756454500E-006
         328   4.0957085159330399E-006
         329  -2.3706224695985999E-007
         330   1.1628232466267400E-007
         331  -2.7700037097790401E-004
         332   5.6969808826091495E-004
         333  -7.9190833375574095E-004
         334   1.5423482717560902E-005
         335  -2.2703956509879201E-004
         336  -9.2649459558201200E-005
         337   1.9103406125808200E-004
         338  -4.0829935288167803E-006
         339  -4.1173137608846703E-006
         340   8.8716641587776100E-006
         341   3.9473550051205599E-008
         342   2.2461682851531599E-006
         343   1.3311554296338700E-006
         344  -1.2905653540218000E-007
         345   1.1345053615411100E-004
         346   2.0251268197556401E-006
         347  -4.9001289104553498E-008
         348  -6.3145804982246496E-009
         349  -8.8602509563999092     
         350  0.75244587692597298     
         351   1.3561241450542800     
         352 -0.10850458669388301     
         353  -9.1707863768270503E-002
         354   7.4898146364155297E-003
         355  -7.6395229339101203     
         356   1.5154108311793799     
         357 -0.20654063010319901     
         358  0.46573690191824701     
         359  -9.9144903480790900E-002
         360   1.8193266004610499E-002
         361  -6.0131414715321305E-004
         362   3.2712785997119503E-005
         363  -2.9638978148589799E-006
         364   2.6228477982502398E-007