 beta        gamma       r0  
  0.17641930309901199        10.048290769983200        3.1608938597773402                1           1
  0.12188202490986599        8.2755656012985295        1.4417878739353800                1           2
  0.12188202490986599        8.2755656012985295        1.4417878739353800                1           3
   1.5612655753922899        1.0000000000461799        2.9326532792994899                1           4
   1.5612655753922899        1.0000000000461799        2.9326532792994899                1           5
  0.25515719589938801        1.8323898060710699        2.1283990319495700                1           6
  0.25515719589938801        1.8323898060710699        2.1283990319495700                1           7
  0.25515719589938801        1.8323898060710699        2.1283990319495700                1           8
  0.25515719589938801        1.8323898060710699        2.1283990319495700                1           9
  0.43657972629403002        1.7201109678907101        2.3475408562768800                1          10
  0.43657972629403002        1.7201109678907101        2.3475408562768800                1          11
  0.43657972629403002        1.7201109678907101        2.3475408562768800                1          12
  0.43657972629403002        1.7201109678907101        2.3475408562768800                1          13
   2.1614257771237102        20.000000000000000        2.4595385019596399                1          14
   2.1614257771237102        20.000000000000000        2.4595385019596399                1          15
   2.1614257771237102        20.000000000000000        2.4595385019596399                1          16
   2.1614257771237102        20.000000000000000        2.4595385019596399                1          17
  0.12188202490986599        8.2755656012985295        1.4417878739353800                2           1
  0.18418697360133099        4.6330905873841797        1.1703012624336300                2           2
  0.18418697360133099        4.6330905873841797        1.1703012624336300                2           3
  0.79599550521889095        1.0000000000500600        1.9379464522483401                2           4
  0.79599550521889095        1.0000000000500600        1.9379464522483401                2           5
  0.45211712193309300        5.9536422086242498        1.5137994479862000                2           6
  0.45211712193309300        5.9536422086242498        1.5137994479862000                2           7
  0.45211712193309300        5.9536422086242498        1.5137994479862000                2           8
  0.45211712193309300        5.9536422086242498        1.5137994479862000                2           9
  0.30611439643929700        2.3385041923605501       0.88779064858904100                2          10
  0.30611439643929700        2.3385041923605501       0.88779064858904100                2          11
  0.30611439643929700        2.3385041923605501       0.88779064858904100                2          12
  0.30611439643929700        2.3385041923605501       0.88779064858904100                2          13
  0.74872477938547100        1.1203588615997300        2.4128879980175899                2          14
  0.74872477938547100        1.1203588615997300        2.4128879980175899                2          15
  0.74872477938547100        1.1203588615997300        2.4128879980175899                2          16
  0.74872477938547100        1.1203588615997300        2.4128879980175899                2          17
  0.12188202490986599        8.2755656012985295        1.4417878739353800                3           1
  0.18418697360133099        4.6330905873841797        1.1703012624336300                3           2
  0.18418697360133099        4.6330905873841797        1.1703012624336300                3           3
  0.79599550521889095        1.0000000000500600        1.9379464522483401                3           4
  0.79599550521889095        1.0000000000500600        1.9379464522483401                3           5
  0.45211712193309300        5.9536422086242498        1.5137994479862000                3           6
  0.45211712193309300        5.9536422086242498        1.5137994479862000                3           7
  0.45211712193309300        5.9536422086242498        1.5137994479862000                3           8
  0.45211712193309300        5.9536422086242498        1.5137994479862000                3           9
  0.30611439643929700        2.3385041923605501       0.88779064858904100                3          10
  0.30611439643929700        2.3385041923605501       0.88779064858904100                3          11
  0.30611439643929700        2.3385041923605501       0.88779064858904100                3          12
  0.30611439643929700        2.3385041923605501       0.88779064858904100                3          13
  0.74872477938547100        1.1203588615997300        2.4128879980175899                3          14
  0.74872477938547100        1.1203588615997300        2.4128879980175899                3          15
  0.74872477938547100        1.1203588615997300        2.4128879980175899                3          16
  0.74872477938547100        1.1203588615997300        2.4128879980175899                3          17
   1.5612655753922899        1.0000000000461799        2.9326532792994899                4           1
  0.79599550521889095        1.0000000000500600        1.9379464522483401                4           2
  0.79599550521889095        1.0000000000500600        1.9379464522483401                4           3
  0.21254594718761499        18.860998103845400        4.8898134276681797E-011           4           4
  0.21254594718761499        18.860998103845400        4.8898134276681797E-011           4           5
  0.57897913299572501        4.5389986244042202        2.6910399952713600                4           6
  0.57897913299572501        4.5389986244042202        2.6910399952713600                4           7
  0.57897913299572501        4.5389986244042202        2.6910399952713600                4           8
  0.57897913299572501        4.5389986244042202        2.6910399952713600                4           9
  0.29042002853652299        1.9794699132535700        6.6557687024592499E-002           4          10
  0.29042002853652299        1.9794699132535700        6.6557687024592499E-002           4          11
  0.29042002853652299        1.9794699132535700        6.6557687024592499E-002           4          12
  0.29042002853652299        1.9794699132535700        6.6557687024592499E-002           4          13
  0.21307173004733199        19.999999999393300        2.3308733702374399E-010           4          14
  0.21307173004733199        19.999999999393300        2.3308733702374399E-010           4          15
  0.21307173004733199        19.999999999393300        2.3308733702374399E-010           4          16
  0.21307173004733199        19.999999999393300        2.3308733702374399E-010           4          17
   1.5612655753922899        1.0000000000461799        2.9326532792994899                5           1
  0.79599550521889095        1.0000000000500600        1.9379464522483401                5           2
  0.79599550521889095        1.0000000000500600        1.9379464522483401                5           3
  0.21254594718761499        18.860998103845400        4.8898134276681797E-011           5           4
  0.21254594718761499        18.860998103845400        4.8898134276681797E-011           5           5
  0.57897913299572501        4.5389986244042202        2.6910399952713600                5           6
  0.57897913299572501        4.5389986244042202        2.6910399952713600                5           7
  0.57897913299572501        4.5389986244042202        2.6910399952713600                5           8
  0.57897913299572501        4.5389986244042202        2.6910399952713600                5           9
  0.29042002853652299        1.9794699132535700        6.6557687024592499E-002           5          10
  0.29042002853652299        1.9794699132535700        6.6557687024592499E-002           5          11
  0.29042002853652299        1.9794699132535700        6.6557687024592499E-002           5          12
  0.29042002853652299        1.9794699132535700        6.6557687024592499E-002           5          13
  0.21307173004733199        19.999999999393300        2.3308733702374399E-010           5          14
  0.21307173004733199        19.999999999393300        2.3308733702374399E-010           5          15
  0.21307173004733199        19.999999999393300        2.3308733702374399E-010           5          16
  0.21307173004733199        19.999999999393300        2.3308733702374399E-010           5          17
  0.25515719589938801        1.8323898060710699        2.1283990319495700                6           1
  0.45211712193309300        5.9536422086242498        1.5137994479862000                6           2
  0.45211712193309300        5.9536422086242498        1.5137994479862000                6           3
  0.57897913299572501        4.5389986244042202        2.6910399952713600                6           4
  0.57897913299572501        4.5389986244042202        2.6910399952713600                6           5
  0.25780388730798198        14.375190246695700        1.8545370004985000                6           6
  0.25780388730798198        14.375190246695700        1.8545370004985000                6           7
  0.25780388730798198        14.375190246695700        1.8545370004985000                6           8
  0.25780388730798198        14.375190246695700        1.8545370004985000                6           9
  0.29913404149574202        4.1419714760990800        1.4310532801218401                6          10
  0.29913404149574202        4.1419714760990800        1.4310532801218401                6          11
  0.29913404149574202        4.1419714760990800        1.4310532801218401                6          12
  0.29913404149574202        4.1419714760990800        1.4310532801218401                6          13
  0.15400412877406999        1.1662857408146201        3.9999999999871001                6          14
  0.15400412877406999        1.1662857408146201        3.9999999999871001                6          15
  0.15400412877406999        1.1662857408146201        3.9999999999871001                6          16
  0.15400412877406999        1.1662857408146201        3.9999999999871001                6          17
  0.25515719589938801        1.8323898060710699        2.1283990319495700                7           1
  0.45211712193309300        5.9536422086242498        1.5137994479862000                7           2
  0.45211712193309300        5.9536422086242498        1.5137994479862000                7           3
  0.57897913299572501        4.5389986244042202        2.6910399952713600                7           4
  0.57897913299572501        4.5389986244042202        2.6910399952713600                7           5
  0.25780388730798198        14.375190246695700        1.8545370004985000                7           6
  0.25780388730798198        14.375190246695700        1.8545370004985000                7           7
  0.25780388730798198        14.375190246695700        1.8545370004985000                7           8
  0.25780388730798198        14.375190246695700        1.8545370004985000                7           9
  0.29913404149574202        4.1419714760990800        1.4310532801218401                7          10
  0.29913404149574202        4.1419714760990800        1.4310532801218401                7          11
  0.29913404149574202        4.1419714760990800        1.4310532801218401                7          12
  0.29913404149574202        4.1419714760990800        1.4310532801218401                7          13
  0.15400412877406999        1.1662857408146201        3.9999999999871001                7          14
  0.15400412877406999        1.1662857408146201        3.9999999999871001                7          15
  0.15400412877406999        1.1662857408146201        3.9999999999871001                7          16
  0.15400412877406999        1.1662857408146201        3.9999999999871001                7          17
  0.25515719589938801        1.8323898060710699        2.1283990319495700                8           1
  0.45211712193309300        5.9536422086242498        1.5137994479862000                8           2
  0.45211712193309300        5.9536422086242498        1.5137994479862000                8           3
  0.57897913299572501        4.5389986244042202        2.6910399952713600                8           4
  0.57897913299572501        4.5389986244042202        2.6910399952713600                8           5
  0.25780388730798198        14.375190246695700        1.8545370004985000                8           6
  0.25780388730798198        14.375190246695700        1.8545370004985000                8           7
  0.25780388730798198        14.375190246695700        1.8545370004985000                8           8
  0.25780388730798198        14.375190246695700        1.8545370004985000                8           9
  0.29913404149574202        4.1419714760990800        1.4310532801218401                8          10
  0.29913404149574202        4.1419714760990800        1.4310532801218401                8          11
  0.29913404149574202        4.1419714760990800        1.4310532801218401                8          12
  0.29913404149574202        4.1419714760990800        1.4310532801218401                8          13
  0.15400412877406999        1.1662857408146201        3.9999999999871001                8          14
  0.15400412877406999        1.1662857408146201        3.9999999999871001                8          15
  0.15400412877406999        1.1662857408146201        3.9999999999871001                8          16
  0.15400412877406999        1.1662857408146201        3.9999999999871001                8          17
  0.25515719589938801        1.8323898060710699        2.1283990319495700                9           1
  0.45211712193309300        5.9536422086242498        1.5137994479862000                9           2
  0.45211712193309300        5.9536422086242498        1.5137994479862000                9           3
  0.57897913299572501        4.5389986244042202        2.6910399952713600                9           4
  0.57897913299572501        4.5389986244042202        2.6910399952713600                9           5
  0.25780388730798198        14.375190246695700        1.8545370004985000                9           6
  0.25780388730798198        14.375190246695700        1.8545370004985000                9           7
  0.25780388730798198        14.375190246695700        1.8545370004985000                9           8
  0.25780388730798198        14.375190246695700        1.8545370004985000                9           9
  0.29913404149574202        4.1419714760990800        1.4310532801218401                9          10
  0.29913404149574202        4.1419714760990800        1.4310532801218401                9          11
  0.29913404149574202        4.1419714760990800        1.4310532801218401                9          12
  0.29913404149574202        4.1419714760990800        1.4310532801218401                9          13
  0.15400412877406999        1.1662857408146201        3.9999999999871001                9          14
  0.15400412877406999        1.1662857408146201        3.9999999999871001                9          15
  0.15400412877406999        1.1662857408146201        3.9999999999871001                9          16
  0.15400412877406999        1.1662857408146201        3.9999999999871001                9          17
  0.43657972629403002        1.7201109678907101        2.3475408562768800               10           1
  0.30611439643929700        2.3385041923605501       0.88779064858904100               10           2
  0.30611439643929700        2.3385041923605501       0.88779064858904100               10           3
  0.29042002853652299        1.9794699132535700        6.6557687024592499E-002          10           4
  0.29042002853652299        1.9794699132535700        6.6557687024592499E-002          10           5
  0.29913404149574202        4.1419714760990800        1.4310532801218401               10           6
  0.29913404149574202        4.1419714760990800        1.4310532801218401               10           7
  0.29913404149574202        4.1419714760990800        1.4310532801218401               10           8
  0.29913404149574202        4.1419714760990800        1.4310532801218401               10           9
  0.65567631219343003        1.0000000000000899        1.6537123716374600               10          10
  0.65567631219343003        1.0000000000000899        1.6537123716374600               10          11
  0.65567631219343003        1.0000000000000899        1.6537123716374600               10          12
  0.65567631219343003        1.0000000000000899        1.6537123716374600               10          13
   1.0351383831155201        1.0000000000782601        3.5822781839342901               10          14
   1.0351383831155201        1.0000000000782601        3.5822781839342901               10          15
   1.0351383831155201        1.0000000000782601        3.5822781839342901               10          16
   1.0351383831155201        1.0000000000782601        3.5822781839342901               10          17
  0.43657972629403002        1.7201109678907101        2.3475408562768800               11           1
  0.30611439643929700        2.3385041923605501       0.88779064858904100               11           2
  0.30611439643929700        2.3385041923605501       0.88779064858904100               11           3
  0.29042002853652299        1.9794699132535700        6.6557687024592499E-002          11           4
  0.29042002853652299        1.9794699132535700        6.6557687024592499E-002          11           5
  0.29913404149574202        4.1419714760990800        1.4310532801218401               11           6
  0.29913404149574202        4.1419714760990800        1.4310532801218401               11           7
  0.29913404149574202        4.1419714760990800        1.4310532801218401               11           8
  0.29913404149574202        4.1419714760990800        1.4310532801218401               11           9
  0.65567631219343003        1.0000000000000899        1.6537123716374600               11          10
  0.65567631219343003        1.0000000000000899        1.6537123716374600               11          11
  0.65567631219343003        1.0000000000000899        1.6537123716374600               11          12
  0.65567631219343003        1.0000000000000899        1.6537123716374600               11          13
   1.0351383831155201        1.0000000000782601        3.5822781839342901               11          14
   1.0351383831155201        1.0000000000782601        3.5822781839342901               11          15
   1.0351383831155201        1.0000000000782601        3.5822781839342901               11          16
   1.0351383831155201        1.0000000000782601        3.5822781839342901               11          17
  0.43657972629403002        1.7201109678907101        2.3475408562768800               12           1
  0.30611439643929700        2.3385041923605501       0.88779064858904100               12           2
  0.30611439643929700        2.3385041923605501       0.88779064858904100               12           3
  0.29042002853652299        1.9794699132535700        6.6557687024592499E-002          12           4
  0.29042002853652299        1.9794699132535700        6.6557687024592499E-002          12           5
  0.29913404149574202        4.1419714760990800        1.4310532801218401               12           6
  0.29913404149574202        4.1419714760990800        1.4310532801218401               12           7
  0.29913404149574202        4.1419714760990800        1.4310532801218401               12           8
  0.29913404149574202        4.1419714760990800        1.4310532801218401               12           9
  0.65567631219343003        1.0000000000000899        1.6537123716374600               12          10
  0.65567631219343003        1.0000000000000899        1.6537123716374600               12          11
  0.65567631219343003        1.0000000000000899        1.6537123716374600               12          12
  0.65567631219343003        1.0000000000000899        1.6537123716374600               12          13
   1.0351383831155201        1.0000000000782601        3.5822781839342901               12          14
   1.0351383831155201        1.0000000000782601        3.5822781839342901               12          15
   1.0351383831155201        1.0000000000782601        3.5822781839342901               12          16
   1.0351383831155201        1.0000000000782601        3.5822781839342901               12          17
  0.43657972629403002        1.7201109678907101        2.3475408562768800               13           1
  0.30611439643929700        2.3385041923605501       0.88779064858904100               13           2
  0.30611439643929700        2.3385041923605501       0.88779064858904100               13           3
  0.29042002853652299        1.9794699132535700        6.6557687024592499E-002          13           4
  0.29042002853652299        1.9794699132535700        6.6557687024592499E-002          13           5
  0.29913404149574202        4.1419714760990800        1.4310532801218401               13           6
  0.29913404149574202        4.1419714760990800        1.4310532801218401               13           7
  0.29913404149574202        4.1419714760990800        1.4310532801218401               13           8
  0.29913404149574202        4.1419714760990800        1.4310532801218401               13           9
  0.65567631219343003        1.0000000000000899        1.6537123716374600               13          10
  0.65567631219343003        1.0000000000000899        1.6537123716374600               13          11
  0.65567631219343003        1.0000000000000899        1.6537123716374600               13          12
  0.65567631219343003        1.0000000000000899        1.6537123716374600               13          13
   1.0351383831155201        1.0000000000782601        3.5822781839342901               13          14
   1.0351383831155201        1.0000000000782601        3.5822781839342901               13          15
   1.0351383831155201        1.0000000000782601        3.5822781839342901               13          16
   1.0351383831155201        1.0000000000782601        3.5822781839342901               13          17
   2.1614257771237102        20.000000000000000        2.4595385019596399               14           1
  0.74872477938547100        1.1203588615997300        2.4128879980175899               14           2
  0.74872477938547100        1.1203588615997300        2.4128879980175899               14           3
  0.21307173004733199        19.999999999393300        2.3308733702374399E-010          14           4
  0.21307173004733199        19.999999999393300        2.3308733702374399E-010          14           5
  0.15400412877406999        1.1662857408146201        3.9999999999871001               14           6
  0.15400412877406999        1.1662857408146201        3.9999999999871001               14           7
  0.15400412877406999        1.1662857408146201        3.9999999999871001               14           8
  0.15400412877406999        1.1662857408146201        3.9999999999871001               14           9
   1.0351383831155201        1.0000000000782601        3.5822781839342901               14          10
   1.0351383831155201        1.0000000000782601        3.5822781839342901               14          11
   1.0351383831155201        1.0000000000782601        3.5822781839342901               14          12
   1.0351383831155201        1.0000000000782601        3.5822781839342901               14          13
  0.21139180183118600        14.586671621119701        1.7131984373533100               14          14
  0.21139180183118600        14.586671621119701        1.7131984373533100               14          15
  0.21139180183118600        14.586671621119701        1.7131984373533100               14          16
  0.21139180183118600        14.586671621119701        1.7131984373533100               14          17
   2.1614257771237102        20.000000000000000        2.4595385019596399               15           1
  0.74872477938547100        1.1203588615997300        2.4128879980175899               15           2
  0.74872477938547100        1.1203588615997300        2.4128879980175899               15           3
  0.21307173004733199        19.999999999393300        2.3308733702374399E-010          15           4
  0.21307173004733199        19.999999999393300        2.3308733702374399E-010          15           5
  0.15400412877406999        1.1662857408146201        3.9999999999871001               15           6
  0.15400412877406999        1.1662857408146201        3.9999999999871001               15           7
  0.15400412877406999        1.1662857408146201        3.9999999999871001               15           8
  0.15400412877406999        1.1662857408146201        3.9999999999871001               15           9
   1.0351383831155201        1.0000000000782601        3.5822781839342901               15          10
   1.0351383831155201        1.0000000000782601        3.5822781839342901               15          11
   1.0351383831155201        1.0000000000782601        3.5822781839342901               15          12
   1.0351383831155201        1.0000000000782601        3.5822781839342901               15          13
  0.21139180183118600        14.586671621119701        1.7131984373533100               15          14
  0.21139180183118600        14.586671621119701        1.7131984373533100               15          15
  0.21139180183118600        14.586671621119701        1.7131984373533100               15          16
  0.21139180183118600        14.586671621119701        1.7131984373533100               15          17
   2.1614257771237102        20.000000000000000        2.4595385019596399               16           1
  0.74872477938547100        1.1203588615997300        2.4128879980175899               16           2
  0.74872477938547100        1.1203588615997300        2.4128879980175899               16           3
  0.21307173004733199        19.999999999393300        2.3308733702374399E-010          16           4
  0.21307173004733199        19.999999999393300        2.3308733702374399E-010          16           5
  0.15400412877406999        1.1662857408146201        3.9999999999871001               16           6
  0.15400412877406999        1.1662857408146201        3.9999999999871001               16           7
  0.15400412877406999        1.1662857408146201        3.9999999999871001               16           8
  0.15400412877406999        1.1662857408146201        3.9999999999871001               16           9
   1.0351383831155201        1.0000000000782601        3.5822781839342901               16          10
   1.0351383831155201        1.0000000000782601        3.5822781839342901               16          11
   1.0351383831155201        1.0000000000782601        3.5822781839342901               16          12
   1.0351383831155201        1.0000000000782601        3.5822781839342901               16          13
  0.21139180183118600        14.586671621119701        1.7131984373533100               16          14
  0.21139180183118600        14.586671621119701        1.7131984373533100               16          15
  0.21139180183118600        14.586671621119701        1.7131984373533100               16          16
  0.21139180183118600        14.586671621119701        1.7131984373533100               16          17
   2.1614257771237102        20.000000000000000        2.4595385019596399               17           1
  0.74872477938547100        1.1203588615997300        2.4128879980175899               17           2
  0.74872477938547100        1.1203588615997300        2.4128879980175899               17           3
  0.21307173004733199        19.999999999393300        2.3308733702374399E-010          17           4
  0.21307173004733199        19.999999999393300        2.3308733702374399E-010          17           5
  0.15400412877406999        1.1662857408146201        3.9999999999871001               17           6
  0.15400412877406999        1.1662857408146201        3.9999999999871001               17           7
  0.15400412877406999        1.1662857408146201        3.9999999999871001               17           8
  0.15400412877406999        1.1662857408146201        3.9999999999871001               17           9
   1.0351383831155201        1.0000000000782601        3.5822781839342901               17          10
   1.0351383831155201        1.0000000000782601        3.5822781839342901               17          11
   1.0351383831155201        1.0000000000782601        3.5822781839342901               17          12
   1.0351383831155201        1.0000000000782601        3.5822781839342901               17          13
  0.21139180183118600        14.586671621119701        1.7131984373533100               17          14
  0.21139180183118600        14.586671621119701        1.7131984373533100               17          15
  0.21139180183118600        14.586671621119701        1.7131984373533100               17          16
  0.21139180183118600        14.586671621119701        1.7131984373533100               17          17
linear parameters
         364
           1   1.5779579018663801     
           2  -9.1014386983043205E-002
           3   2.4366037526278000E-002
           4  -5.6302220776366903E-003
           5 -0.27739585013374102     
           6   3.5421068523104303E-002
           7   3.9444187479066002E-003
           8  -1.4122838381460500E-003
           9  -1.2424054887351999E-003
          10   2.0234823381949801E-004
          11  -383802.21456545498     
          12   101432.86090763600     
          13   79343.801183274394     
          14  -24071.162845937899     
          15  -17303.816579122300     
          16   6072.4771658433501     
          17  0.56868972384435701     
          18 -0.12526862376528000     
          19  -6.6524489525412595E-002
          20   1.3438907449683299E-002
          21  -1.4969104410543201E-002
          22  -1.1553491991187200E-003
          23  0.47380611474594297     
          24 -0.25333519330202697     
          25 -0.44863115477470600     
          26   6.8255307361607204E-002
          27  0.17697573517056500     
          28  -2.8442993711335299E-002
          29  -3934031.1810571002     
          30   793778.98386918800     
          31   1381873.9886303900     
          32  -290403.40857211797     
          33  -453101.51181406103     
          34   98141.197362331703     
          35  0.29899748359709999     
          36  -2.7539952032095999E-002
          37   2.1541928455386101E-003
          38  -1.3184276125224000E-002
          39   2.6883348438640799E-003
          40  -2.5334151525034198E-004
          41   1733.2384886539501     
          42  -163.39073349671901     
          43  -485.67013315406803     
          44   47.020712464588200     
          45  -433.66574382122099     
          46   52.479112322497997     
          47   116.10090903546001     
          48  -15.879038512699699     
          49   9.8833988797809899E-002
          50   1.7077887255940501E-002
          51  -4.4316106265357903E-002
          52   5.3504647769641602E-004
          53  -5.7659015981140803E-003
          54  -9.3737266119488499E-004
          55   9.5549979893089707E-006
          56  -1.3315552829256199E-005
          57  0.59392237537468195     
          58  -6.7736569224102101E-003
          59 -0.15706504844312899     
          60   1.1226118452792099E-002
          61  -3.3447200170249401E-002
          62  -2.6199599869325802E-003
          63  -3.9765158130019296E-003
          64   4.8937404156322399E-004
          65  -173.49043936574000     
          66  -135.33514097792099     
          67  -65.443253376450599     
          68   26.602399572206402     
          69   449.40972108116398     
          70  -45.822230267003199     
          71  -83.231915528063496     
          72   13.576199658872699     
          73   253738.99536692799     
          74  -42706.555496257897     
          75   7164.1145893859602     
          76  -107358.21713541700     
          77   19664.345844772899     
          78  -3871.5248440608598     
          79   80.854866997170703     
          80   21.043640619003000     
          81   37.850770474382600     
          82  -20.419871944507399     
          83  -38.438638405153696     
          84 -0.67124188562467801     
          85  0.40374539701291701     
          86   2.5125183715965602     
          87  -158.14932512974701     
          88   4.9753645930788197     
          89   22.506286529632700     
          90   3.5815315417691398     
          91   15.552349152329100     
          92  0.36377127591080299     
          93  -4.6264923942561600     
          94 -0.11214934403046400     
          95  -472090.19543851702     
          96   102974.97622776100     
          97   93152.375342076601     
          98  -19974.079319257398     
          99   72813.271305017493     
         100  -25895.239100914401     
         101   830.63772243311701     
         102   3524.8127927665801     
         103 -0.11960957706518900     
         104   2.2801713265824100E-002
         105  -4.0617810658834397E-003
         106   7.4247181467230802E-003
         107   2.0085945926196701E-005
         108   9.1820973161979298E-004
         109 -0.11723325800887600     
         110   5.3979802379823499E-002
         111   1.0485482751122901E-002
         112  -1.1281237463091399E-003
         113   5.0456180972037599E-002
         114  -8.2317341539990107E-003
         115  -1.3726563193300701E-002
         116   2.5633944821867702E-003
         117  -175.04944954414100     
         118   41.914666966897400     
         119   44.026533922924401     
         120  -11.699905491966000     
         121   29.880853250230899     
         122  -5.8512524903415901     
         123  -7.2111354882279697     
         124   1.5536531881406901     
         125  -2.1737898637980901     
         126  -1.1982418670210800E-003
         127   9.5804891083590193E-002
         128   1.0234061998004700     
         129 -0.29134201410674399     
         130   9.9745604626922807E-002
         131  -3527.8228684735700     
         132   1188.3465911681301     
         133   2048.1812229802899     
         134  -467.56713469340798     
         135  -3122.3921853252200     
         136   145.02469347731801     
         137   766.88963272421597     
         138  -8.7125824082681103     
         139  -500648.96029664797     
         140   258631.11406243499     
         141  -109885.83996335500     
         142  -237362.70037102600     
         143   72403.099672518598     
         144  -25855.937040013800     
         145  0.18325187172863999     
         146  -5.2123143149738101E-003
         147  -8.3005903364025905E-004
         148  -1.1588922323121401E-004
         149   26.565632256997102     
         150  -8.3943216198210493     
         151  -1.7668959011799199     
         152   1.2222465076534901     
         153 -0.66922697655380603     
         154   2.6458057565799501E-002
         155  -1.1739586231047701     
         156   5.3788715097440598E-002
         157  0.16382711431977201     
         158  -1.7055119712187400E-002
         159  -2.4949196160052100E-002
         160   3.9116830005952201E-003
         161 -0.48930923379683500     
         162  -7.6798077659189596E-003
         163   3.0577625384580601E-002
         164   2.6946863844492198E-003
         165  -4.1522341692678700E-003
         166   6.1534878662158397E-005
         167  -4.8899421051415599     
         168 -0.92577993068985798     
         169  0.42327306406431198     
         170  0.13508802177498300     
         171  0.79359706877569502     
         172 -0.11348078993422300     
         173   324.71265372827497     
         174  -75.742434851016000     
         175   29.021882336065701     
         176  -84.902254609505405     
         177   20.806820612052800     
         178  -7.2332079011958301     
         179  -8.0394555356581101     
         180   3.0166810313058701     
         181   1.9370161354601900     
         182 -0.54518952880097304     
         183   2.6402649461805701     
         184  -1.0005680107715900     
         185 -0.60304476189883605     
         186  0.15807398706021300     
         187  -2.4657444039280101     
         188  0.61141508781407805     
         189  0.15580533452684300     
         190 -0.11358351895814700     
         191  0.56199382660465103     
         192 -0.12472050670613100     
         193  -4.1554806426756602E-002
         194   1.5217759970260701E-002
         195  -115.72860911525800     
         196   25.294085986001800     
         197   28.920914687863000     
         198  -10.086032574939701     
         199   29.570091897893999     
         200  -6.8573117952630804     
         201  -7.8917092810629503     
         202   2.5734015202543601     
         203  -4.4852547929834598E-002
         204   2.6496407645636402E-002
         205   8.8232199348101494E-005
         206   2.1283312354125301E-002
         207  -5.0881035488292096E-003
         208   1.8511866051438799E-004
         209  0.41332048871570598     
         210  -9.0518692211272594E-002
         211  -2.4156419840318900E-004
         212   5.9248248802275900E-003
         213  -6.6783971762260197E-002
         214   1.3936602558188800E-002
         215   6.0748312530585604E-003
         216  -1.1197266385891700E-003
         217 -0.23912016769691100     
         218  -2.3051732515205099E-002
         219   5.2570776777976100E-002
         220   1.1324353473077300E-002
         221   5.5219371862721300E-002
         222   4.4874599268097401E-003
         223   5.7447348429957195E-004
         224  -3.1027874101447299E-003
         225   3.1960677187069200     
         226 -0.43180669546610900     
         227   6.5545839299688005E-002
         228 -0.47700723703051001     
         229  0.12978856483328699     
         230  -2.5559217071831501E-002
         231  -63.932416573002897     
         232   18.237592928343201     
         233   10.801441830266500     
         234  -2.9239529593797799     
         235   14.140302846242101     
         236  -3.0372372237917702     
         237  -5.2127046830913502     
         238  0.70764770464216198     
         239   30.322103201640498     
         240  -6.9190646169377397     
         241   3.0535259849227399     
         242  -7.5095736506278801     
         243   1.9215869138194901     
         244 -0.79118340360633799     
         245  -15.189971299367899     
         246   1.2664241119567501     
         247 -0.11279312455404900     
         248  -3.6347575202067099E-002
         249  -7.9653301247405803     
         250   1.4817998386120099     
         251   2.3284810169848900     
         252 -0.45298077014343802     
         253 -0.64872278863930499     
         254  0.13959840094522799     
         255 -0.93972168712762505     
         256  0.18103858684243099     
         257  0.11114406560628200     
         258  -1.9521187713315801E-002
         259  -8.2190649762706302E-003
         260   1.8199308467365400E-003
         261   4.2483917400230196     
         262  -7.8002860929470494E-002
         263 -0.24304227263361000     
         264  -2.2851018168916801E-002
         265   2.2597878954602899E-002
         266   3.0896064869636100E-002
         267 -0.93186709698883496     
         268  0.27459915125506401     
         269  -7.5290025610450798E-002
         270  0.15319478536863801     
         271  -4.0387394068839198E-002
         272   1.0305772547577700E-002
         273 -0.52547463825094598     
         274  0.11964349671046400     
         275   7.3960137270903795E-002
         276  -2.6901822103430499E-002
         277  0.13613721437931800     
         278  -2.7362355072514499E-002
         279  -1.9630268715907399E-002
         280   5.2690686950632500E-003
         281 -0.64605445053360699     
         282  0.18519903449470099     
         283  0.11516333362860499     
         284  -3.5097177793396203E-002
         285   4.9850164268387197E-002
         286  -1.4266899985543700E-002
         287  -8.4956042714359106E-003
         288   2.5402201234842200E-003
         289 -0.98795048200507396     
         290   6.6841337378022003E-002
         291  -1.3966443423411801E-002
         292  0.66234435279407600     
         293  -9.5955493347567006E-002
         294   1.5189128410819199E-002
         295   1.7292625423958601     
         296 -0.31399392867630899     
         297  0.31826722715614603     
         298  -3.1281287878693401E-002
         299 -0.36058634352322300     
         300   7.9542581349944602E-002
         301  -2.8472482565418900E-002
         302   2.4695792180856801E-003
         303 -0.70600133275473198     
         304 -0.14403035313263801     
         305   4.7841843329516499E-002
         306  -2.6696422293599701E-002
         307   2.5905394795475298E-002
         308  -2.0851684994743901E-002
         309   2.8014730608078101E-004
         310  -2.0410194781375499E-004
         311  -7.0683398976183499E-005
         312  -1.7617055541999899E-004
         313   7.8354943180071495E-005
         314  -5.8091686279134001E-003
         315  -8.3225542458183702E-003
         316   2.2122786137347200E-003
         317   2.3634937265000601E-003
         318  -5.9831916554459305E-004
         319   5.3955209394731902E-003
         320  -1.2949126627965601E-003
         321  -3.0973624108434500E-004
         322   1.3569497485515901E-004
         323  -8.7959569202059702E-006
         324  -4.4445227072657497E-006
         325 -0.31802556401569598     
         326   8.6311536923853502E-002
         327  -1.7524515262269998E-002
         328   7.1406642599481596E-002
         329  -2.1841476492179102E-002
         330   3.6959411565439999E-003
         331  -3.5850908452816899E-004
         332   9.6681549344273199E-002
         333 -0.14791797721504901     
         334   1.0139120088418000E-002
         335   6.6498968247792403E-002
         336  -2.7161399165532299E-002
         337   9.7937432541978404E-003
         338   1.7620209157484201E-004
         339  -4.5923455844388700E-002
         340   4.3608003153858604E-003
         341  -4.6300910724801799E-004
         342   7.9842499776789106E-003
         343  -7.0568363259549901E-004
         344   6.5147570066743598E-005
         345  -21.608786304542800     
         346   1.5304022349755499     
         347  0.10287379197176200     
         348 -0.28280245273042898     
         349   760.20596070535100     
         350  -72.502911983605401     
         351  -119.53877201056500     
         352  -5.0681341236322499     
         353   39.181988435221498     
         354   4.5795128312886204     
         355   74.541948303131306     
         356  -15.171858703834401     
         357   1.4610495849653400     
         358  -23.267869789127399     
         359   3.8948249378046702     
         360 -0.38453999701969499     
         361 -0.13370654786801101     
         362  0.12110636163690300     
         363  -2.6905164211041100E-002
         364   1.2192211590106699E-002
