 beta        gamma       r0  
  0.24243290667165701        2.5581142362018001        3.2373935244294199                1           1
  0.14512409686874400        17.128640994768499        3.2943762841181001E-002           1           2
  0.14512409686874400        17.128640994768499        3.2943762841181001E-002           1           3
   1.7017160600809100        1.0000004503327800        3.8332332003073999                1           4
   1.7017160600809100        1.0000004503327800        3.8332332003073999                1           5
  0.75573902751844202        19.999999998508201        2.8882145193840500                1           6
  0.75573902751844202        19.999999998508201        2.8882145193840500                1           7
  0.75573902751844202        19.999999998508201        2.8882145193840500                1           8
  0.75573902751844202        19.999999998508201        2.8882145193840500                1           9
  0.33023763801816602        1.6033502717174799        2.1089932648196901                1          10
  0.33023763801816602        1.6033502717174799        2.1089932648196901                1          11
  0.33023763801816602        1.6033502717174799        2.1089932648196901                1          12
  0.33023763801816602        1.6033502717174799        2.1089932648196901                1          13
   1.5184268925138200        2.2288582587740202        3.3748120974208100                1          14
   1.5184268925138200        2.2288582587740202        3.3748120974208100                1          15
   1.5184268925138200        2.2288582587740202        3.3748120974208100                1          16
   1.5184268925138200        2.2288582587740202        3.3748120974208100                1          17
  0.14512409686874400        17.128640994768499        3.2943762841181001E-002           2           1
  0.17742409191611799        1.6437256048014901        1.0731813581859000                2           2
  0.17742409191611799        1.6437256048014901        1.0731813581859000                2           3
  0.75893780235107200        1.7139767952731699        2.2189966224042998                2           4
  0.75893780235107200        1.7139767952731699        2.2189966224042998                2           5
  0.61359239546645405        5.4145924553324596        1.2293363312077099                2           6
  0.61359239546645405        5.4145924553324596        1.2293363312077099                2           7
  0.61359239546645405        5.4145924553324596        1.2293363312077099                2           8
  0.61359239546645405        5.4145924553324596        1.2293363312077099                2           9
  0.63971309713614899        1.0785622435969100        1.3515602145571499                2          10
  0.63971309713614899        1.0785622435969100        1.3515602145571499                2          11
  0.63971309713614899        1.0785622435969100        1.3515602145571499                2          12
  0.63971309713614899        1.0785622435969100        1.3515602145571499                2          13
  0.74883185050640899        1.5739407200829201        2.2103448737597402                2          14
  0.74883185050640899        1.5739407200829201        2.2103448737597402                2          15
  0.74883185050640899        1.5739407200829201        2.2103448737597402                2          16
  0.74883185050640899        1.5739407200829201        2.2103448737597402                2          17
  0.14512409686874400        17.128640994768499        3.2943762841181001E-002           3           1
  0.17742409191611799        1.6437256048014901        1.0731813581859000                3           2
  0.17742409191611799        1.6437256048014901        1.0731813581859000                3           3
  0.75893780235107200        1.7139767952731699        2.2189966224042998                3           4
  0.75893780235107200        1.7139767952731699        2.2189966224042998                3           5
  0.61359239546645405        5.4145924553324596        1.2293363312077099                3           6
  0.61359239546645405        5.4145924553324596        1.2293363312077099                3           7
  0.61359239546645405        5.4145924553324596        1.2293363312077099                3           8
  0.61359239546645405        5.4145924553324596        1.2293363312077099                3           9
  0.63971309713614899        1.0785622435969100        1.3515602145571499                3          10
  0.63971309713614899        1.0785622435969100        1.3515602145571499                3          11
  0.63971309713614899        1.0785622435969100        1.3515602145571499                3          12
  0.63971309713614899        1.0785622435969100        1.3515602145571499                3          13
  0.74883185050640899        1.5739407200829201        2.2103448737597402                3          14
  0.74883185050640899        1.5739407200829201        2.2103448737597402                3          15
  0.74883185050640899        1.5739407200829201        2.2103448737597402                3          16
  0.74883185050640899        1.5739407200829201        2.2103448737597402                3          17
   1.7017160600809100        1.0000004503327800        3.8332332003073999                4           1
  0.75893780235107200        1.7139767952731699        2.2189966224042998                4           2
  0.75893780235107200        1.7139767952731699        2.2189966224042998                4           3
  0.13319775144151400        1.6189781054261201        1.5325786915472699                4           4
  0.13319775144151400        1.6189781054261201        1.5325786915472699                4           5
  0.46847250601996798        2.0149712140986602        1.9416905765999100                4           6
  0.46847250601996798        2.0149712140986602        1.9416905765999100                4           7
  0.46847250601996798        2.0149712140986602        1.9416905765999100                4           8
  0.46847250601996798        2.0149712140986602        1.9416905765999100                4           9
  0.13724676482184400        8.2889030362423100        1.1963265139422701                4          10
  0.13724676482184400        8.2889030362423100        1.1963265139422701                4          11
  0.13724676482184400        8.2889030362423100        1.1963265139422701                4          12
  0.13724676482184400        8.2889030362423100        1.1963265139422701                4          13
  0.13807172804275900        16.417563553080999        1.6447921099457000E-010           4          14
  0.13807172804275900        16.417563553080999        1.6447921099457000E-010           4          15
  0.13807172804275900        16.417563553080999        1.6447921099457000E-010           4          16
  0.13807172804275900        16.417563553080999        1.6447921099457000E-010           4          17
   1.7017160600809100        1.0000004503327800        3.8332332003073999                5           1
  0.75893780235107200        1.7139767952731699        2.2189966224042998                5           2
  0.75893780235107200        1.7139767952731699        2.2189966224042998                5           3
  0.13319775144151400        1.6189781054261201        1.5325786915472699                5           4
  0.13319775144151400        1.6189781054261201        1.5325786915472699                5           5
  0.46847250601996798        2.0149712140986602        1.9416905765999100                5           6
  0.46847250601996798        2.0149712140986602        1.9416905765999100                5           7
  0.46847250601996798        2.0149712140986602        1.9416905765999100                5           8
  0.46847250601996798        2.0149712140986602        1.9416905765999100                5           9
  0.13724676482184400        8.2889030362423100        1.1963265139422701                5          10
  0.13724676482184400        8.2889030362423100        1.1963265139422701                5          11
  0.13724676482184400        8.2889030362423100        1.1963265139422701                5          12
  0.13724676482184400        8.2889030362423100        1.1963265139422701                5          13
  0.13807172804275900        16.417563553080999        1.6447921099457000E-010           5          14
  0.13807172804275900        16.417563553080999        1.6447921099457000E-010           5          15
  0.13807172804275900        16.417563553080999        1.6447921099457000E-010           5          16
  0.13807172804275900        16.417563553080999        1.6447921099457000E-010           5          17
  0.75573902751844202        19.999999998508201        2.8882145193840500                6           1
  0.61359239546645405        5.4145924553324596        1.2293363312077099                6           2
  0.61359239546645405        5.4145924553324596        1.2293363312077099                6           3
  0.46847250601996798        2.0149712140986602        1.9416905765999100                6           4
  0.46847250601996798        2.0149712140986602        1.9416905765999100                6           5
  0.38042712695427700        1.7533680609160900        2.3835077593327698                6           6
  0.38042712695427700        1.7533680609160900        2.3835077593327698                6           7
  0.38042712695427700        1.7533680609160900        2.3835077593327698                6           8
  0.38042712695427700        1.7533680609160900        2.3835077593327698                6           9
  0.25659599328383798        2.5480838756876500       0.75684839802425596                6          10
  0.25659599328383798        2.5480838756876500       0.75684839802425596                6          11
  0.25659599328383798        2.5480838756876500       0.75684839802425596                6          12
  0.25659599328383798        2.5480838756876500       0.75684839802425596                6          13
  0.10895425763264700        1.1921326381184301        2.5362528258464399                6          14
  0.10895425763264700        1.1921326381184301        2.5362528258464399                6          15
  0.10895425763264700        1.1921326381184301        2.5362528258464399                6          16
  0.10895425763264700        1.1921326381184301        2.5362528258464399                6          17
  0.75573902751844202        19.999999998508201        2.8882145193840500                7           1
  0.61359239546645405        5.4145924553324596        1.2293363312077099                7           2
  0.61359239546645405        5.4145924553324596        1.2293363312077099                7           3
  0.46847250601996798        2.0149712140986602        1.9416905765999100                7           4
  0.46847250601996798        2.0149712140986602        1.9416905765999100                7           5
  0.38042712695427700        1.7533680609160900        2.3835077593327698                7           6
  0.38042712695427700        1.7533680609160900        2.3835077593327698                7           7
  0.38042712695427700        1.7533680609160900        2.3835077593327698                7           8
  0.38042712695427700        1.7533680609160900        2.3835077593327698                7           9
  0.25659599328383798        2.5480838756876500       0.75684839802425596                7          10
  0.25659599328383798        2.5480838756876500       0.75684839802425596                7          11
  0.25659599328383798        2.5480838756876500       0.75684839802425596                7          12
  0.25659599328383798        2.5480838756876500       0.75684839802425596                7          13
  0.10895425763264700        1.1921326381184301        2.5362528258464399                7          14
  0.10895425763264700        1.1921326381184301        2.5362528258464399                7          15
  0.10895425763264700        1.1921326381184301        2.5362528258464399                7          16
  0.10895425763264700        1.1921326381184301        2.5362528258464399                7          17
  0.75573902751844202        19.999999998508201        2.8882145193840500                8           1
  0.61359239546645405        5.4145924553324596        1.2293363312077099                8           2
  0.61359239546645405        5.4145924553324596        1.2293363312077099                8           3
  0.46847250601996798        2.0149712140986602        1.9416905765999100                8           4
  0.46847250601996798        2.0149712140986602        1.9416905765999100                8           5
  0.38042712695427700        1.7533680609160900        2.3835077593327698                8           6
  0.38042712695427700        1.7533680609160900        2.3835077593327698                8           7
  0.38042712695427700        1.7533680609160900        2.3835077593327698                8           8
  0.38042712695427700        1.7533680609160900        2.3835077593327698                8           9
  0.25659599328383798        2.5480838756876500       0.75684839802425596                8          10
  0.25659599328383798        2.5480838756876500       0.75684839802425596                8          11
  0.25659599328383798        2.5480838756876500       0.75684839802425596                8          12
  0.25659599328383798        2.5480838756876500       0.75684839802425596                8          13
  0.10895425763264700        1.1921326381184301        2.5362528258464399                8          14
  0.10895425763264700        1.1921326381184301        2.5362528258464399                8          15
  0.10895425763264700        1.1921326381184301        2.5362528258464399                8          16
  0.10895425763264700        1.1921326381184301        2.5362528258464399                8          17
  0.75573902751844202        19.999999998508201        2.8882145193840500                9           1
  0.61359239546645405        5.4145924553324596        1.2293363312077099                9           2
  0.61359239546645405        5.4145924553324596        1.2293363312077099                9           3
  0.46847250601996798        2.0149712140986602        1.9416905765999100                9           4
  0.46847250601996798        2.0149712140986602        1.9416905765999100                9           5
  0.38042712695427700        1.7533680609160900        2.3835077593327698                9           6
  0.38042712695427700        1.7533680609160900        2.3835077593327698                9           7
  0.38042712695427700        1.7533680609160900        2.3835077593327698                9           8
  0.38042712695427700        1.7533680609160900        2.3835077593327698                9           9
  0.25659599328383798        2.5480838756876500       0.75684839802425596                9          10
  0.25659599328383798        2.5480838756876500       0.75684839802425596                9          11
  0.25659599328383798        2.5480838756876500       0.75684839802425596                9          12
  0.25659599328383798        2.5480838756876500       0.75684839802425596                9          13
  0.10895425763264700        1.1921326381184301        2.5362528258464399                9          14
  0.10895425763264700        1.1921326381184301        2.5362528258464399                9          15
  0.10895425763264700        1.1921326381184301        2.5362528258464399                9          16
  0.10895425763264700        1.1921326381184301        2.5362528258464399                9          17
  0.33023763801816602        1.6033502717174799        2.1089932648196901               10           1
  0.63971309713614899        1.0785622435969100        1.3515602145571499               10           2
  0.63971309713614899        1.0785622435969100        1.3515602145571499               10           3
  0.13724676482184400        8.2889030362423100        1.1963265139422701               10           4
  0.13724676482184400        8.2889030362423100        1.1963265139422701               10           5
  0.25659599328383798        2.5480838756876500       0.75684839802425596               10           6
  0.25659599328383798        2.5480838756876500       0.75684839802425596               10           7
  0.25659599328383798        2.5480838756876500       0.75684839802425596               10           8
  0.25659599328383798        2.5480838756876500       0.75684839802425596               10           9
  0.44294940293991097        1.0000000004592000        2.2165777725171401               10          10
  0.44294940293991097        1.0000000004592000        2.2165777725171401               10          11
  0.44294940293991097        1.0000000004592000        2.2165777725171401               10          12
  0.44294940293991097        1.0000000004592000        2.2165777725171401               10          13
   1.4168374142018900        1.0841849046254299        2.4481788508833602               10          14
   1.4168374142018900        1.0841849046254299        2.4481788508833602               10          15
   1.4168374142018900        1.0841849046254299        2.4481788508833602               10          16
   1.4168374142018900        1.0841849046254299        2.4481788508833602               10          17
  0.33023763801816602        1.6033502717174799        2.1089932648196901               11           1
  0.63971309713614899        1.0785622435969100        1.3515602145571499               11           2
  0.63971309713614899        1.0785622435969100        1.3515602145571499               11           3
  0.13724676482184400        8.2889030362423100        1.1963265139422701               11           4
  0.13724676482184400        8.2889030362423100        1.1963265139422701               11           5
  0.25659599328383798        2.5480838756876500       0.75684839802425596               11           6
  0.25659599328383798        2.5480838756876500       0.75684839802425596               11           7
  0.25659599328383798        2.5480838756876500       0.75684839802425596               11           8
  0.25659599328383798        2.5480838756876500       0.75684839802425596               11           9
  0.44294940293991097        1.0000000004592000        2.2165777725171401               11          10
  0.44294940293991097        1.0000000004592000        2.2165777725171401               11          11
  0.44294940293991097        1.0000000004592000        2.2165777725171401               11          12
  0.44294940293991097        1.0000000004592000        2.2165777725171401               11          13
   1.4168374142018900        1.0841849046254299        2.4481788508833602               11          14
   1.4168374142018900        1.0841849046254299        2.4481788508833602               11          15
   1.4168374142018900        1.0841849046254299        2.4481788508833602               11          16
   1.4168374142018900        1.0841849046254299        2.4481788508833602               11          17
  0.33023763801816602        1.6033502717174799        2.1089932648196901               12           1
  0.63971309713614899        1.0785622435969100        1.3515602145571499               12           2
  0.63971309713614899        1.0785622435969100        1.3515602145571499               12           3
  0.13724676482184400        8.2889030362423100        1.1963265139422701               12           4
  0.13724676482184400        8.2889030362423100        1.1963265139422701               12           5
  0.25659599328383798        2.5480838756876500       0.75684839802425596               12           6
  0.25659599328383798        2.5480838756876500       0.75684839802425596               12           7
  0.25659599328383798        2.5480838756876500       0.75684839802425596               12           8
  0.25659599328383798        2.5480838756876500       0.75684839802425596               12           9
  0.44294940293991097        1.0000000004592000        2.2165777725171401               12          10
  0.44294940293991097        1.0000000004592000        2.2165777725171401               12          11
  0.44294940293991097        1.0000000004592000        2.2165777725171401               12          12
  0.44294940293991097        1.0000000004592000        2.2165777725171401               12          13
   1.4168374142018900        1.0841849046254299        2.4481788508833602               12          14
   1.4168374142018900        1.0841849046254299        2.4481788508833602               12          15
   1.4168374142018900        1.0841849046254299        2.4481788508833602               12          16
   1.4168374142018900        1.0841849046254299        2.4481788508833602               12          17
  0.33023763801816602        1.6033502717174799        2.1089932648196901               13           1
  0.63971309713614899        1.0785622435969100        1.3515602145571499               13           2
  0.63971309713614899        1.0785622435969100        1.3515602145571499               13           3
  0.13724676482184400        8.2889030362423100        1.1963265139422701               13           4
  0.13724676482184400        8.2889030362423100        1.1963265139422701               13           5
  0.25659599328383798        2.5480838756876500       0.75684839802425596               13           6
  0.25659599328383798        2.5480838756876500       0.75684839802425596               13           7
  0.25659599328383798        2.5480838756876500       0.75684839802425596               13           8
  0.25659599328383798        2.5480838756876500       0.75684839802425596               13           9
  0.44294940293991097        1.0000000004592000        2.2165777725171401               13          10
  0.44294940293991097        1.0000000004592000        2.2165777725171401               13          11
  0.44294940293991097        1.0000000004592000        2.2165777725171401               13          12
  0.44294940293991097        1.0000000004592000        2.2165777725171401               13          13
   1.4168374142018900        1.0841849046254299        2.4481788508833602               13          14
   1.4168374142018900        1.0841849046254299        2.4481788508833602               13          15
   1.4168374142018900        1.0841849046254299        2.4481788508833602               13          16
   1.4168374142018900        1.0841849046254299        2.4481788508833602               13          17
   1.5184268925138200        2.2288582587740202        3.3748120974208100               14           1
  0.74883185050640899        1.5739407200829201        2.2103448737597402               14           2
  0.74883185050640899        1.5739407200829201        2.2103448737597402               14           3
  0.13807172804275900        16.417563553080999        1.6447921099457000E-010          14           4
  0.13807172804275900        16.417563553080999        1.6447921099457000E-010          14           5
  0.10895425763264700        1.1921326381184301        2.5362528258464399               14           6
  0.10895425763264700        1.1921326381184301        2.5362528258464399               14           7
  0.10895425763264700        1.1921326381184301        2.5362528258464399               14           8
  0.10895425763264700        1.1921326381184301        2.5362528258464399               14           9
   1.4168374142018900        1.0841849046254299        2.4481788508833602               14          10
   1.4168374142018900        1.0841849046254299        2.4481788508833602               14          11
   1.4168374142018900        1.0841849046254299        2.4481788508833602               14          12
   1.4168374142018900        1.0841849046254299        2.4481788508833602               14          13
  0.14296173367548101        10.124471526436800       0.36002386211075099               14          14
  0.14296173367548101        10.124471526436800       0.36002386211075099               14          15
  0.14296173367548101        10.124471526436800       0.36002386211075099               14          16
  0.14296173367548101        10.124471526436800       0.36002386211075099               14          17
   1.5184268925138200        2.2288582587740202        3.3748120974208100               15           1
  0.74883185050640899        1.5739407200829201        2.2103448737597402               15           2
  0.74883185050640899        1.5739407200829201        2.2103448737597402               15           3
  0.13807172804275900        16.417563553080999        1.6447921099457000E-010          15           4
  0.13807172804275900        16.417563553080999        1.6447921099457000E-010          15           5
  0.10895425763264700        1.1921326381184301        2.5362528258464399               15           6
  0.10895425763264700        1.1921326381184301        2.5362528258464399               15           7
  0.10895425763264700        1.1921326381184301        2.5362528258464399               15           8
  0.10895425763264700        1.1921326381184301        2.5362528258464399               15           9
   1.4168374142018900        1.0841849046254299        2.4481788508833602               15          10
   1.4168374142018900        1.0841849046254299        2.4481788508833602               15          11
   1.4168374142018900        1.0841849046254299        2.4481788508833602               15          12
   1.4168374142018900        1.0841849046254299        2.4481788508833602               15          13
  0.14296173367548101        10.124471526436800       0.36002386211075099               15          14
  0.14296173367548101        10.124471526436800       0.36002386211075099               15          15
  0.14296173367548101        10.124471526436800       0.36002386211075099               15          16
  0.14296173367548101        10.124471526436800       0.36002386211075099               15          17
   1.5184268925138200        2.2288582587740202        3.3748120974208100               16           1
  0.74883185050640899        1.5739407200829201        2.2103448737597402               16           2
  0.74883185050640899        1.5739407200829201        2.2103448737597402               16           3
  0.13807172804275900        16.417563553080999        1.6447921099457000E-010          16           4
  0.13807172804275900        16.417563553080999        1.6447921099457000E-010          16           5
  0.10895425763264700        1.1921326381184301        2.5362528258464399               16           6
  0.10895425763264700        1.1921326381184301        2.5362528258464399               16           7
  0.10895425763264700        1.1921326381184301        2.5362528258464399               16           8
  0.10895425763264700        1.1921326381184301        2.5362528258464399               16           9
   1.4168374142018900        1.0841849046254299        2.4481788508833602               16          10
   1.4168374142018900        1.0841849046254299        2.4481788508833602               16          11
   1.4168374142018900        1.0841849046254299        2.4481788508833602               16          12
   1.4168374142018900        1.0841849046254299        2.4481788508833602               16          13
  0.14296173367548101        10.124471526436800       0.36002386211075099               16          14
  0.14296173367548101        10.124471526436800       0.36002386211075099               16          15
  0.14296173367548101        10.124471526436800       0.36002386211075099               16          16
  0.14296173367548101        10.124471526436800       0.36002386211075099               16          17
   1.5184268925138200        2.2288582587740202        3.3748120974208100               17           1
  0.74883185050640899        1.5739407200829201        2.2103448737597402               17           2
  0.74883185050640899        1.5739407200829201        2.2103448737597402               17           3
  0.13807172804275900        16.417563553080999        1.6447921099457000E-010          17           4
  0.13807172804275900        16.417563553080999        1.6447921099457000E-010          17           5
  0.10895425763264700        1.1921326381184301        2.5362528258464399               17           6
  0.10895425763264700        1.1921326381184301        2.5362528258464399               17           7
  0.10895425763264700        1.1921326381184301        2.5362528258464399               17           8
  0.10895425763264700        1.1921326381184301        2.5362528258464399               17           9
   1.4168374142018900        1.0841849046254299        2.4481788508833602               17          10
   1.4168374142018900        1.0841849046254299        2.4481788508833602               17          11
   1.4168374142018900        1.0841849046254299        2.4481788508833602               17          12
   1.4168374142018900        1.0841849046254299        2.4481788508833602               17          13
  0.14296173367548101        10.124471526436800       0.36002386211075099               17          14
  0.14296173367548101        10.124471526436800       0.36002386211075099               17          15
  0.14296173367548101        10.124471526436800       0.36002386211075099               17          16
  0.14296173367548101        10.124471526436800       0.36002386211075099               17          17
linear parameters 
 364
           1  -11.332954327130800     
           2  0.87214451616150002     
           3  -8.1091069880729894E-002
           4   1.0388597479824600E-002
           5  0.25306548192082201     
           6 -0.11904657203292500     
           7  -2.5670291376734100E-002
           8   1.1164041682774900E-002
           9   3.2551990999876899E-003
          10  -1.5348935199809900E-003
          11  -3760301.4502213099     
          12   1098813.9858516301     
          13   652997.00372543198     
          14  -226195.48800111999     
          15  -116216.29720997400     
          16   48734.419583584197     
          17  -17.224522289431700     
          18   4.9543059919372396     
          19  -2.1846339333357498     
          20 -0.70054561554143302     
          21   3.4124363414618601     
          22  -9.2801777322894893E-002
          23  -2.7264773733639801E-002
          24  0.34734470835196701     
          25   3.0875456060257302E-002
          26  -3.8168977383188703E-002
          27   3.4184845945294001E-002
          28   3.9798628728822697E-003
          29   35589.675814801099     
          30  -17593.582458728699     
          31  -2628.1846672647898     
          32   3348.5477695860400     
          33  -502.77360988909902     
          34  -610.85264849114799     
          35  0.22275695241077101     
          36  -1.5206517524077000E-002
          37  -7.3376153172745697E-004
          38  -2.6682140450286902E-002
          39   1.4266715267253699E-003
          40   1.7593680530492601E-004
          41   3585.9279718316602     
          42  -341.28229775299098     
          43  -1087.3022391727100     
          44   117.24107429293200     
          45  -1383.1033579480099     
          46   198.19579664543099     
          47   417.38393387421502     
          48  -59.671638720393602     
          49   2.0909197491522402     
          50 -0.38056415010314099     
          51 -0.29467605669817198     
          52   9.7018492135290693E-002
          53  -1.0540909515541801     
          54  0.13947260241916401     
          55  0.35731900126382399     
          56  -4.4663343647194299E-002
          57 -0.35862979995445998     
          58  0.17249958706309501     
          59  -5.3559013027993999E-002
          60  -1.4180830267133500E-002
          61   3.8370416842099998E-002
          62  -4.7064350028523202E-002
          63  -1.8719063184585900E-002
          64   7.2028551812248097E-003
          65   112.64283030821900     
          66  -28.544111388512100     
          67  -22.838119116750999     
          68   3.8739426831552901     
          69   78.523196336862000     
          70  -10.595820157236400     
          71  -24.792475378579301     
          72   3.9927421695163199     
          73  -1167099.4790254601     
          74   351708.38983825198     
          75  -100431.70226777800     
          76   286549.23919108999     
          77  -96680.381402735700     
          78   29862.568281808599     
          79  -427.27220773197899     
          80   668.96739183733098     
          81   518.62291302661197     
          82  -240.03805038290801     
          83   263.34998865109702     
          84  -236.71799009476700     
          85  -112.79392207167599     
          86   59.013025248726002     
          87  -61.057941464920702     
          88   18.466943663908999     
          89  -2.6032747656040902     
          90 -0.74739391976312097     
          91   1.2395635649822501     
          92  -1.8313954292948900     
          93  0.72723735436676096     
          94   7.8557332762077006E-002
          95   222464.85641335900     
          96  -56992.233960491503     
          97  -55437.300770515700     
          98   14548.713053056001     
          99  -58913.925971956101     
         100   17356.697995410301     
         101   17337.891469768500     
         102  -5037.0619871660301     
         103  -16.555958766381600     
         104   5.4108647357323196     
         105  -1.8130968922978099     
         106   2.2174954670804201     
         107 -0.59918283079769097     
         108  0.14808662859290900     
         109 -0.38137362695948002     
         110 -0.24073181977907801     
         111  0.27133555021988298     
         112  -7.7654480622512401E-002
         113   8.5371216763737601E-002
         114   3.6394456252900498E-002
         115  -3.1944583695075399E-002
         116   6.1910915839396702E-003
         117  -212.63437145349999     
         118   38.137542710025102     
         119   67.108788315383805     
         120  -11.720445915852199     
         121   19.042141346205899     
         122  -2.8002809821246699     
         123  -6.3695561487035004     
         124  0.99520372492442899     
         125   1.6560608989500301     
         126 -0.27851025937020002     
         127  0.10353831376289099     
         128 -0.29089145185958498     
         129   3.3057127982538799E-002
         130  -1.6825693621664299E-002
         131   121.91961985028000     
         132   185.89480106516999     
         133  -137.51452115415501     
         134  -17.568765475713700     
         135  -773.71093422259503     
         136   30.292209004631200     
         137   243.62635236730500     
         138  -19.203135962361198     
         139  -45144.813242628901     
         140   10958.556142172099     
         141  -2809.7752473428400     
         142   11192.542695732100     
         143  -3171.2281407765099     
         144   913.32004096424998     
         145  -6.0651750950606001E-002
         146  -5.4048344792374196E-003
         147   3.2566632210997400E-003
         148  -8.7956208559835996E-004
         149   28.769915335083500     
         150  -7.8089833308094798     
         151  -4.3667131763508404     
         152   1.4675983402468700     
         153  0.43097764735072502     
         154 -0.24332504937300700     
         155   5.5327050588328298E-002
         156  -6.3992502990372103E-003
         157  0.10810028907392399     
         158  -2.3844864237559899E-002
         159   1.8043079813167200E-002
         160   2.5019613981935298E-003
         161  0.24056027809616001     
         162 -0.50500418598393204     
         163  0.61859244382427603     
         164   4.4470064835639700E-002
         165 -0.24774229703359599     
         166   1.3264886183497601E-002
         167  -28.673415067261001     
         168   5.1227993217901000     
         169   5.4581434539600604     
         170  -1.0568157607402400     
         171 -0.95501505466787595     
         172  0.20068800119585101     
         173   112.33538414150600     
         174  -28.164750092448202     
         175   8.4269850356374896     
         176  -30.229516324585600     
         177   8.0650347221234000     
         178  -2.7954427370654100     
         179  -2.9035582261552100     
         180 -0.13674401501046199     
         181   2.4744413985946299     
         182 -0.53528949576737095     
         183  0.64755368250792500     
         184  0.26615322879013997     
         185 -0.80271569736376303     
         186  0.16371434934281101     
         187  -2.2040123700317800     
         188  0.42504131252583499     
         189  0.32042125792337200     
         190  -1.4768286337263200E-002
         191  0.51391005882340501     
         192  -9.5741587225670499E-002
         193 -0.14514169721327100     
         194   2.2898185595902301E-002
         195  -49.178495981822898     
         196   12.635581893152599     
         197   12.021891378899999     
         198  -3.8266592374186899     
         199   13.300098318218399     
         200  -3.8288396239625500     
         201  -3.4283247141369100     
         202   1.2872308901881699     
         203 -0.17477434264412200     
         204   3.2432954118862600E-002
         205   1.5915034740114901E-002
         206   4.2118840703325403E-002
         207  -8.8561216275097297E-003
         208  -3.6407572529808200E-003
         209  0.21624479244770201     
         210 -0.26529476319700002     
         211 -0.20740548231906800     
         212   1.1899928860204800E-002
         213   9.1073530110271899E-003
         214   3.2202394715625998E-002
         215   3.0932587052444300E-002
         216  -7.9599128033264292E-003
         217 -0.21363283479612599     
         218  0.32601702216026601     
         219 -0.12222370725322300     
         220  -6.1929826774081598E-002
         221   2.9269284006191200E-002
         222  -2.6475665042161100E-002
         223  -4.5051799917085299E-004
         224   8.1890129053122807E-003
         225  -4.3365512101889401     
         226   1.1260102961393399     
         227 -0.43081621652201801     
         228  0.26970255934081699     
         229 -0.24299379494697901     
         230  0.12139545640699401     
         231   14.023400372723900     
         232   28.330678417899598     
         233 -0.62554630394259003     
         234  -4.2859729273290199     
         235   5.1788885551340602     
         236 -0.84279430343888195     
         237  -7.1150829497807197E-002
         238  -1.4055568124082700     
         239   21.970367919911400     
         240  -5.4543262958509304     
         241   1.7261093772965099     
         242  -5.7971702512459702     
         243   1.6894945217962201     
         244 -0.61398396092815199     
         245 -0.68098609377043695     
         246  0.19645211836785401     
         247  -1.6384331256091400E-002
         248  -3.4172026849596700E-003
         249  0.52807705466529398     
         250  -5.9012756389432403E-002
         251 -0.14925099334165301     
         252   1.2612577675727399E-002
         253   6.8388462681321399E-002
         254  -5.8137627220954200E-003
         255  -5.8555240633784901E-002
         256   8.3527004423654596E-003
         257   5.8722508563522702E-003
         258  -5.9458246923182795E-004
         259  -1.2913897626283400E-004
         260   3.7496540716868600E-005
         261  0.23209567381200299     
         262  -6.1683623423205602E-002
         263 -0.10220244948009601     
         264   1.5233317974624699E-003
         265   9.9542561009804496E-003
         266   2.9732656263108102E-003
         267  0.32178707333024698     
         268  -3.5743807442639199E-002
         269   1.1621425148760099E-002
         270 -0.10053841259941899     
         271   1.9739438817019901E-002
         272  -4.6905953332409796E-003
         273  -4.1165894553066703E-003
         274  -1.6739215707124201E-002
         275   9.0101600593804395E-003
         276   5.4110385721669501E-004
         277  -6.9892755528825302E-003
         278   2.6369286756818401E-003
         279  -4.3883490871022602E-004
         280  -2.4592864146338102E-004
         281   4.6830173066142101E-002
         282  -2.1831791981597001E-002
         283  -3.8263826711037200E-003
         284   2.3082181410119698E-003
         285  -2.0354596788313400E-003
         286   1.0541532476192300E-003
         287   2.0269594709971701E-004
         288  -1.2472124547219300E-004
         289  -4.5822564811389500E-002
         290  -1.6318203448356500E-003
         291   1.9204652396013800E-004
         292   3.2601248624885101E-002
         293  -1.6573090169004600E-003
         294   7.5049449913887497E-005
         295  0.20511507041122001     
         296  -4.2518112067495499E-002
         297  -3.9040108141651000E-002
         298   5.8712837744439297E-003
         299 -0.18321202274330201     
         300   2.0308204741414902E-002
         301   3.6486520022030497E-002
         302  -3.4613422876047600E-003
         303   8.0180834572099405E-003
         304   2.5454820353797598E-002
         305   3.7583728492937198E-003
         306   4.7369839991926503E-002
         307  -9.3610927072488399E-004
         308  -2.2774092391775898E-003
         309  -7.9749228680152107E-002
         310   1.5707366303885601E-002
         311  -2.2518111258855601E-003
         312   2.6339125966611503E-004
         313  -1.2706046631542201E-002
         314   2.9315687357687999E-003
         315  -2.4159175591814000E-003
         316   3.8893709513321300E-004
         317   6.6772320428512804E-004
         318  -1.0058720125233599E-004
         319   5.0332912987586997E-003
         320  -3.0766863265962497E-004
         321  -4.1169636008637703E-004
         322   7.4402074046446697E-006
         323   2.6745662109891601E-005
         324   2.6463736279462001E-006
         325  0.38051747817539500     
         326  -4.2773717445528797E-002
         327   4.0469791859970503E-003
         328  -2.5421788036688198E-002
         329   4.7829264774749396E-003
         330  -5.4432108820104798E-004
         331 -0.15975783899181201     
         332   3.9696703064315199E-002
         333   5.8016100731688398E-002
         334  -8.1629340504432296E-003
         335   2.5820308311812999E-002
         336  -8.7471875926447406E-003
         337  -2.3670212897992100E-002
         338   3.0898351444073702E-003
         339   6.3038179961987604E-003
         340  -3.9090613978711998E-004
         341   4.3274613236738298E-005
         342  -5.7028396406705296E-004
         343   4.1945604712532597E-005
         344  -5.2927590657730798E-006
         345 -0.22593681514597300     
         346  0.12791040248870200     
         347  -4.2501071983219701E-002
         348   8.6441006306785702E-003
         349   304.65390285061198     
         350  -100.92456344650699     
         351  -107.73308811734501     
         352   15.373904712732100     
         353   15.148574148187601     
         354   4.7752618930534796     
         355   2.7159835353295398     
         356  -13.020247597664699     
         357   11.478852918201101     
         358   5.9689590295068600     
         359   2.5644095101759001     
         360  -3.1509814617495899     
         361  -8.2216880027619094E-002
         362  -9.6128887756262108E-003
         363  -2.0993464852431302E-003
         364   1.6258027801595799E-003

