ccpo23plus
name          mass(amu)       q(e)   polarizability(au)
O        15.9994000   0.292574106000  6.518600000000
H        1.00797000   0.560656704000  1.550700000000
H        1.00797000   0.560656704000  1.550700000000
D1       0.00000000  -0.706943757000  0.000000000000
D1       0.00000000  -0.706943757000  0.000000000000
N1       0.00000000   0.000000000000  0.000000000000
N1       0.00000000   0.000000000000  0.000000000000
N1       0.00000000   0.000000000000  0.000000000000
N1       0.00000000   0.000000000000  0.000000000000
N2       0.00000000   0.000000000000  0.000000000000
N2       0.00000000   0.000000000000  0.000000000000
N2       0.00000000   0.000000000000  0.000000000000
N2       0.00000000   0.000000000000  0.000000000000
N3       0.00000000   0.000000000000  0.000000000000
N3       0.00000000   0.000000000000  0.000000000000
N3       0.00000000   0.000000000000  0.000000000000
N3       0.00000000   0.000000000000  0.000000000000
N4       0.00000000   0.000000000000  0.000000000000
N4       0.00000000   0.000000000000  0.000000000000
N4       0.00000000   0.000000000000  0.000000000000
N4       0.00000000   0.000000000000  0.000000000000
N5       0.00000000   0.000000000000  0.000000000000
N5       0.00000000   0.000000000000  0.000000000000
N5       0.00000000   0.000000000000  0.000000000000
N5       0.00000000   0.000000000000  0.000000000000
vdw parameters
36
a  b         beta             c0=e^(alpha)          c1=a1*e^(alpha)        c2=a2*e^(alpha)           c3=a3*e^(alpha)          C6                   C8                   C10                   d1                 d6                  d8                       d10                   qa                  qb
O  O   1.38332460090070    -3.15026658247066        3.37396994191073       -2.31568666006022        0.101263130340127      -5.99065787079302    5673.00076940336    -221376.904168841    1.35345089381329    0.100000000000000E-01  1.36094920804492        1.37545304940238    0.292574106000    0.292574106000
O  H   1.82580079225269     9.86203882055045        7.05428601707747        2.19598769099524        1.43602266371004        11.0853319739237    -976.255515504995    45098.1155886089    2.14313877133876    1.77101727760606       0.100000000000000E-02   0.571428305917218   0.292574106000    0.560656704000
O  D1  1.09674762779597     56.8391559299755       -24.3886017631604        5.35229039014314       -0.578978478965704       0.000000000000       0.000000000000      0.000000000000      0.622194727946389   0.000000000000         0.000000000000          0.000000000000      0.292574106000   -0.706943757000 
O  N1  0.800518240697506    0.163138977386684      -0.196253304364951       0.460848275832722E-01  -0.153189704256810E-02   0.000000000000       0.000000000000      0.000000000000      0.000000000000      0.000000000000         0.000000000000          0.000000000000      0.292574106000    0.000000000000
O  N2  1.78357984550909    -8.22593964000838       -8.82848067918362       -2.33944808138098       -1.00153475388584        0.000000000000       0.000000000000      0.000000000000      0.000000000000      0.000000000000         0.000000000000          0.000000000000      0.292574106000    0.000000000000
O  N3  2.21817576928891     207.458022099310       -294.396109098229        95.0293379912913       -22.7725241827249        0.000000000000       0.000000000000      0.000000000000      0.000000000000      0.000000000000         0.000000000000          0.000000000000      0.292574106000    0.000000000000
O  N4  1.06901915456608     18.5722394301885        2.08337812434001       -2.12486889723323        0.292897660885283       0.000000000000       0.000000000000      0.000000000000      0.000000000000      0.000000000000         0.000000000000          0.000000000000      0.292574106000    0.000000000000
O  N5  1.34793438673587     0.306955392253812      -0.295553782810530       0.800106357717622E-01   0.126251563454678E-01   0.000000000000       0.000000000000      0.000000000000      0.000000000000      0.000000000000         0.000000000000          0.000000000000      0.292574106000    0.000000000000
H  H   1.82873545312534    -2.00097054237398       -8.90593581844556        2.54987803739554       -0.678771858680276       2.18305747697925    -114.475106392940    3419.59023852565    3.04092874317157    0.487927064879705      0.763254536636233       1.75026189947290    0.560656704000    0.560656704000 
H  D1  1.05654732514568    -18.3598397933055       -4.75538332455826        0.511435128067617      -0.109282062295170       0.000000000000       0.000000000000      0.000000000000      1.06708304741226    0.000000000000         0.000000000000          0.000000000000      0.560656704000   -0.706943757000 
H  N1  2.36391952478950    -0.856041979388345       1.62473844629561       -1.28677750123108        0.318857121215428       0.000000000000       0.000000000000      0.000000000000      0.000000000000      0.000000000000         0.000000000000          0.000000000000      0.560656704000    0.000000000000
H  N2  1.50884386419770     6.23115697982204        3.62125598653775       -0.572638414649863       0.922350871883223E-01   0.000000000000       0.000000000000      0.000000000000      0.000000000000      0.000000000000         0.000000000000          0.000000000000      0.560656704000    0.000000000000
H  N3  1.48368707284860     11.1317012110773        14.4001210073539        0.176929715192867       0.245767387950591E-01   0.000000000000       0.000000000000      0.000000000000      0.000000000000      0.000000000000         0.000000000000          0.000000000000      0.560656704000    0.000000000000
H  N4  1.23529742028517    -10.1023485207421       -6.44696053142878        2.09697432837061       -0.101091167394478E-01   0.000000000000       0.000000000000      0.000000000000      0.000000000000      0.000000000000         0.000000000000          0.000000000000      0.560656704000    0.000000000000
H  N5  2.38307180278784     0.870648973096436      -0.837826491994190       0.466216060706309       0.294407794765073E-01   0.000000000000       0.000000000000      0.000000000000      0.000000000000      0.000000000000         0.000000000000          0.000000000000      0.560656704000    0.000000000000
D1 D1  1.09047747155958    -126.931403554699        72.2891526609781       -19.4394495469832        2.10895048362396        0.000000000000       0.000000000000      0.000000000000      3.49829936232352    0.000000000000         0.000000000000          0.000000000000     -0.706943757000   -0.706943757000
D1 N1  0.976438649550801   -0.996809216140990       0.315813038354126       0.455832031227676E-01  -0.148414561438362E-01   0.000000000000       0.000000000000      0.000000000000      0.000000000000      0.000000000000         0.000000000000          0.000000000000     -0.706943757000    0.000000000000
D1 N2  1.22850484274125     21.8054627027364        4.81568916697987        0.662013421276589       0.176546659794428       0.000000000000       0.000000000000      0.000000000000      0.000000000000      0.000000000000         0.000000000000          0.000000000000     -0.706943757000    0.000000000000
D1 N3  1.10028989841080     79.7830880715000       -35.0235301545436        8.92654329443285       -0.825232309409231       0.000000000000       0.000000000000      0.000000000000      0.000000000000      0.000000000000         0.000000000000          0.000000000000     -0.706943757000    0.000000000000
D1 N4  1.09498393978636    -49.1684262135191        12.7270533274531       -3.30004766118075        0.194034946069470       0.000000000000       0.000000000000      0.000000000000      0.000000000000      0.000000000000         0.000000000000          0.000000000000     -0.706943757000    0.000000000000
D1 N5  1.97259120886505    -2.29276447233711        2.61967712181890       -0.666563243728302       0.604504528397771E-01   0.000000000000       0.000000000000      0.000000000000      0.000000000000      0.000000000000         0.000000000000          0.000000000000     -0.706943757000    0.000000000000
N1 N1  1.65353120651391    -0.134232277097764E-01   0.566166901871597E-01  -0.174775932727848E-01   0.774644916218678E-02   0.000000000000       0.000000000000      0.000000000000      0.000000000000      0.000000000000         0.000000000000          0.000000000000      0.000000000000    0.000000000000
N1 N2  2.46069053277997     1.30949575899661       -1.91495958955011        1.56520583705180       -0.253538382301681       0.000000000000       0.000000000000      0.000000000000      0.000000000000      0.000000000000         0.000000000000          0.000000000000      0.000000000000    0.000000000000
N1 N3  1.52749427946021     1.14492673120874       -0.327464652157014       0.225423258152985      -0.113765117914226       0.000000000000       0.000000000000      0.000000000000      0.000000000000      0.000000000000         0.000000000000          0.000000000000      0.000000000000    0.000000000000
N1 N4  1.34590863750053    -0.286832384552035      -0.413664961488871       0.227240637939449      -0.664803873871365E-02   0.000000000000       0.000000000000      0.000000000000      0.000000000000      0.000000000000         0.000000000000          0.000000000000      0.000000000000    0.000000000000
N1 N5  1.17896619624013    -0.637024706566269E-02   0.952086522237373E-02  -0.679880700915619E-02   0.692949159744035E-03   0.000000000000       0.000000000000      0.000000000000      0.000000000000      0.000000000000         0.000000000000          0.000000000000      0.000000000000    0.000000000000
N2 N2  1.20350655125187    -7.12524714063864       -2.45004325502204        1.17481660505271       -0.175352575749319       0.000000000000       0.000000000000      0.000000000000      0.000000000000      0.000000000000         0.000000000000          0.000000000000      0.000000000000    0.000000000000
N2 N3  1.58050272962452    -11.5742822262846       -16.9457627188980       -0.413306457099163      -0.249826182290814       0.000000000000       0.000000000000      0.000000000000      0.000000000000      0.000000000000         0.000000000000          0.000000000000      0.000000000000    0.000000000000
N2 N4  1.15922843670473     11.4503097088275        6.04539313943101       -2.80052613748771        0.237038650285262       0.000000000000       0.000000000000      0.000000000000      0.000000000000      0.000000000000         0.000000000000          0.000000000000      0.000000000000    0.000000000000
N2 N5  1.96104694340102    -0.787912499632397       0.941235335502593      -0.500826289226449       0.747819064342587E-01   0.000000000000       0.000000000000      0.000000000000      0.000000000000      0.000000000000         0.000000000000          0.000000000000      0.000000000000    0.000000000000
N3 N3  1.46552776390808    -42.1416351281405       -15.3133212870689        3.24137708973507       -0.850289246588856       0.000000000000       0.000000000000      0.000000000000      0.000000000000      0.000000000000         0.000000000000          0.000000000000      0.000000000000    0.000000000000
N3 N4  1.32519864466950     28.2692445936052        11.8565316682502       -3.05598224093565        0.275494902908078       0.000000000000       0.000000000000      0.000000000000      0.000000000000      0.000000000000         0.000000000000          0.000000000000      0.000000000000    0.000000000000
N3 N5  1.75669785792568     0.264585493796953E-01  -0.214255898515057      -0.506942133519623E-01   0.331138626546516E-01   0.000000000000       0.000000000000      0.000000000000      0.000000000000      0.000000000000         0.000000000000          0.000000000000      0.000000000000    0.000000000000
N4 N4  1.47655234931328    -23.9348394500569       -10.9250675280860       -1.19676519588852        0.977060613307748       0.000000000000       0.000000000000      0.000000000000      0.000000000000      0.000000000000         0.000000000000          0.000000000000      0.000000000000    0.000000000000
N4 N5  1.59888350106323     0.301293903779294      -0.232511065352956       0.137846839681917      -0.386968365672333E-01   0.000000000000       0.000000000000      0.000000000000      0.000000000000      0.000000000000         0.000000000000          0.000000000000      0.000000000000    0.000000000000
N5 N5  1.49777775097233     0.455022973596551E-02  -0.222697578680639E-01   0.124539685427480E-01  -0.208588284062886E-02   0.000000000000       0.000000000000      0.000000000000      0.000000000000      0.000000000000         0.000000000000          0.000000000000      0.000000000000    0.000000000000 
