     13
      3
O   -2.024851308575    0.850494289507    1.712325505270
H   -2.160465573413    1.462534957788    2.454667402903
H   -1.469713952296    1.343006941333    1.085180940680
O   -0.556436615354   -1.271075669956    1.076377597572
H   -1.155771429305   -0.639758852013    1.507994739965
H    0.327478612375   -0.880682582422    1.178081131598
O   -0.368406529607    1.674035418540   -0.122140443090
H   -0.634530722414    1.024696468287   -0.794147394785
H    0.477819299915    1.341420261497    0.220387664070
     3
O   -2.350656744771    0.999008790390    1.992125615548
H   -2.486271009609    1.611049458672    2.734467513181
H   -1.795519388492    1.491521442216    1.364981050959
O   -0.644427149963   -1.468688016538    1.256460162482
H   -1.243761963915   -0.837371198595    1.688077304875
H    0.239488077766   -1.078294929004    1.358163696508
O   -0.423095410760    1.937607880902   -0.145025003212
H   -0.689219603566    1.288268930649   -0.817031954907
H    0.423130418763    1.604992723859    0.197503103947
     3
O   -2.583374817475    1.105090268981    2.191982710854
H   -2.718989082313    1.717130937262    2.934324608486
H   -2.028237461196    1.597602920807    1.564838146264
O   -0.707277542410   -1.609839410768    1.385090394309
H   -1.306612356362   -0.978522592824    1.816707536701
H    0.176637685319   -1.219446323234    1.486793928335
O   -0.462158851939    2.125873870337   -0.161371299017
H   -0.728283044746    1.476534920084   -0.833378250712
H    0.384066977583    1.793258713294    0.181156808142
     3
O   -2.839364755658    1.221780092973    2.411825596812
H   -2.974979020497    1.833820761254    3.154167494445
H   -2.284227399379    1.714292744799    1.784681032222
O   -0.776412857684   -1.765106125505    1.526583759282
H   -1.375747671635   -1.133789307561    1.958200901674
H    0.107502370046   -1.374713037971    1.628287293307
O   -0.505128637236    2.332966494011   -0.179352107984
H   -0.771252830043    1.683627543758   -0.851359059679
H    0.341097192286    2.000351336968    0.163175999176
     3
O   -3.120953687713    1.350138899205    2.653652771102
H   -3.256567952551    1.962179567486    3.395994668735
H   -2.565816331434    1.842651551031    2.026508206512
O   -0.852461704378   -1.935899511398    1.682226460804
H   -1.451796518329   -1.304582693455    2.113843603197
H    0.031453523351   -1.545506423864    1.783929994830
O   -0.552395401063    2.560768380423   -0.199130997741
H   -0.818519593870    1.911429430170   -0.871137949437
H    0.293830428459    2.228153223380    0.143397109418
     3
O   -3.430701512814    1.491333585955    2.919662663032
H   -3.566315777653    2.103374254236    3.662004560665
H   -2.875564156535    1.983846237780    2.292518098442
O   -0.936115436165   -2.123772235881    1.853433432585
H   -1.535450250117   -1.492455417937    2.285050574977
H   -0.052200208436   -1.733379148347    1.955136966611
O   -0.604388841167    2.811350455211   -0.220887776898
H   -0.870513033974    2.162011504959   -0.892894728593
H    0.241836988355    2.478735298168    0.121640330262
     3
O   -3.771424120690    1.646647741432    3.212273543838
H   -3.907038385529    2.258688409714    3.954615441471
H   -3.216286764412    2.139160393258    2.585128979248
O   -1.028134540549   -2.330432233341    2.041761101861
H   -1.627469354501   -1.699115415398    2.473378244254
H   -0.144219312820   -1.940039145807    2.143464635887
O   -0.661581625546    3.086990737532   -0.244820233388
H   -0.927705818353    2.437651787279   -0.916827185083
H    0.184644203976    2.754375580489    0.097707873771
     3
O   -4.146218988984    1.817493312669    3.534145512937
H   -4.281833253822    2.429533980950    4.276487410569
H   -3.591081632705    2.310005964495    2.907000948347
O   -1.129355555742   -2.557758230124    2.248921537483
H   -1.728690369693   -1.926441412180    2.680538679876
H   -0.245440328013   -2.167365142590    2.350625071509
O   -0.724493688310    3.390195047819   -0.271145935792
H   -0.990617881117    2.740856097567   -0.943152887487
H    0.121732141212    3.057579890777    0.071382171368
     3
O   -4.558493344477    2.005423440712    3.888204679209
H   -4.694107609315    2.617464108994    4.630546576842
H   -4.003355988198    2.497936092538    3.261060114619
O   -1.240698672295   -2.807816826902    2.476798016720
H   -1.840033486246   -2.176500008959    2.908415159113
H   -0.356783444566   -2.417423739368    2.578501550746
O   -0.793696956821    3.723719789401   -0.300104208224
H   -1.059821149628    3.074380839148   -0.972111159920
H    0.052528872701    3.391104632358    0.042423898935
     3
O   -5.011995135308    2.212146581718    4.277669761686
H   -5.147609400146    2.824187250000    5.020011659319
H   -4.456857779029    2.704659233544    3.650525197096
O   -1.363176100451   -3.082881282882    2.727462144145
H   -1.962510914402   -2.451564464939    3.159079286538
H   -0.479260872722   -2.692488195348    2.829165678171
O   -0.869820552977    4.090597005563   -0.331958308429
H   -1.135944745784    3.441258055311   -1.003965260124
H   -0.023594723455    3.757981848520    0.010569798730
     3
O   -5.510847103634    2.439542036719    4.706081352516
H   -5.646461368472    3.051582705001    5.448423250149
H   -4.955709747355    2.932054688545    4.078936787926
O   -1.497901271475   -3.385452184937    3.003192684525
H   -2.097236085426   -2.754135366993    3.434809826917
H   -0.613986043746   -2.995059097403    3.104896218551
O   -0.953556508325    4.494161942813   -0.366997818072
H   -1.219680701132    3.844822992560   -1.039004769768
H   -0.107330678803    4.161546785770   -0.024469710913
     3
O   -6.059584273079    2.689677037697    5.177334102588
H   -6.195198537918    3.301717705978    5.919676000221
H   -5.504446916800    3.182189689522    4.550189537998
O   -1.646098959760   -3.718280176826    3.306496278519
H   -2.245433773711   -3.086963358883    3.738113420911
H   -0.762183732031   -3.327887089292    3.408199812545
O   -1.045666059155    4.938083373788   -0.405541279103
H   -1.311790251962    4.288744423535   -1.077548230799
H   -0.199440229633    4.605468216745   -0.063013171944
     3
O   -6.663195154706    2.964825538137    5.695712126132
H   -6.798809419545    3.576866206418    6.438054023765
H   -6.108057798428    3.457338189962    5.068567561542
O   -1.809116416715   -4.084390968116    3.640130231701
H   -2.408451230667   -3.453074150173    4.071747374093
H   -0.925201188986   -3.693997880582    3.741833765727
O   -1.146986565492    5.426396948653   -0.447939086237
H   -1.413110758299    4.777057998401   -1.119946037933
H   -0.300760735970    5.093781791611   -0.105410979078
